0.0 0.005102723079623162
2.004008016032064 0.005102723079623162
4.008016032064128 0.010176286317592834
6.012024048096192 0.015190846366744086
8.016032064128256 0.02011529183195208
10.020040080160319 0.024916355789102944
12.024048096192384 0.029557722709763656
14.028056112224448 0.033998737053322264
16.03206412825651 0.038192832606549626
18.036072144288575 0.042085226342261056
20.040080160320638 0.045609680170296256
22.0440881763527 0.048683974566334734
24.04809619238477 0.05120355753921868
26.052104208416832 0.05303337083237989
28.056112224448896 0.05399971100539518
30.06012024048096 0.05389091224644404
32.06412825651302 0.05250716706912885
34.06813627254509 0.0499955949043369
36.07214428857715 0.047047374157549685
38.07615230460922 0.0440753756412084
40.080160320641276 0.0412451049620632
42.08416833667334 0.03861282719611751
44.0881763527054 0.03618793721540652
46.09218436873747 0.03396088401947508
48.09619238476954 0.03191551467409054
50.1002004008016 0.030034360901963188
52.104208416833664 0.02830077707138369
54.108216432865724 0.026699689555339138
56.11222444889779 0.025217698502043542
58.11623246492985 0.023843030714223553
60.12024048096192 0.022565376463430306
62.12424849699398 0.021375631874636526
64.12825651302605 0.020265831682413537
66.1322645290581 0.019228888383938134
68.13627254509018 0.01825855232536153
70.14028056112224 0.01734925094670911
72.1442885771543 0.01649601267317009
74.14829659318636 0.015694385009390646
76.15230460921843 0.014940365784618864
78.1563126252505 0.01423035480500339
80.16032064128255 0.013561095356620943
82.16432865731463 0.012929634519690142
84.16833667334669 0.012333296152440346
86.17234468937875 0.011769640445221573
88.1763527054108 0.011236438665545792
90.18036072144288 0.010731659953590239
92.18436873747494 0.010253442656495441
94.188376753507 0.009800073333452097
96.19238476953907 0.009369977682440519
98.19639278557113 0.008961703917306435
100.2004008016032 0.008573921989093833
102.20440881763525 0.008205388523199894
104.20841683366733 0.007854957953967612
106.21242484969939 0.007521575162524483
108.21643286573145 0.00720425008075992
110.22044088176351 0.006902066987896302
112.22444889779558 0.006614182433517822
114.22845691382764 0.006339793010241873
116.2324649298597 0.006078167584461031
118.23647294589178 0.005828598247161337
120.24048096192384 0.005590458217479143
122.2444889779559 0.005363131460520449
124.24849699398796 0.005146049157092569
126.25250501002003 0.004938690780413376
128.2565130260521 0.004740541816673995
130.26052104208415 0.004551147264155415
132.2645290581162 0.0043700634103503826
134.26853707414827 0.004196873315271235
136.27254509018036 0.004031186489082026
138.27655310621242 0.0038726389846409177
140.28056112224448 0.0037208788931038074
142.28456913827654 0.003575586177339878
144.2885771543086 0.0034364532865525
146.29258517034066 0.0033031703597371075
148.29659318637272 0.0031754791949692523
150.3006012024048 0.0030531256426793805
152.30460921843687 0.002935844939701898
154.30861723446893 0.002823412173424295
156.312625250501 0.002715602045666544
158.31663326653305 0.0026122111904442547
160.3206412825651 0.002513033016911282
162.32464929859717 0.0024178787122453153
164.32865731462925 0.0023265758312166684
166.3326653306613 0.0022389512784591276
168.33667334669337 0.0021548355918888534
170.34068136272543 0.002074088387068199
172.3446893787575 0.0019965520881975274
174.34869739478955 0.0019220979775337623
176.3527054108216 0.0018505792244364982
178.3567134268537 0.0017818780461509255
180.36072144288576 0.0017158779077361644
182.36472945891782 0.0016524626088822924
184.36873747494988 0.0015915179809954975
186.37274549098194 0.001532943733007588
188.376753507014 0.0014766375233870729
190.38076152304606 0.0014225108876301205
192.38476953907815 0.0013704702722641367
194.3887775551102 0.001320427666011653
196.39278557114227 0.0012723030311308182
198.39679358717433 0.0012260181402404138
200.4008016032064 0.001181498991608066
202.40480961923845 0.001138669301017587
204.4088176352705 0.0010974666161104175
206.41282565130257 0.0010578230177124583
208.41683366733466 0.0010196702471358687
210.42084168336672 0.0009829581396696115
212.42484969939878 0.0009476235245626471
214.42885771543084 0.0009136094333792888
216.4328657314629 0.0008808706252852731
218.43687374749496 0.0008493479829124732
220.44088176352702 0.0008190032180275754
224.44889779559117 0.0007616488845543506
226.45290581162322 0.000734553862917916
228.45691382765528 0.0007084558386683348
230.46092184368734 0.0006833201965312047
232.4649298597194 0.0006591116696218302
234.46893787575146 0.0006357884916131611
236.47294589178355 0.0006133226697844559
238.4769539078156 0.0005916768516659567
240.48096192384767 0.0005708213821906774
242.48496993987973 0.0005507259173985669
244.4889779559118 0.0005313570983327171
246.49298597194385 0.0005126947479065944
248.4969939879759 0.0004947069294246064
250.501002004008 0.0004773735100512086
252.50501002004006 0.0004606649317099594
254.50901803607212 0.00044456122033601566
256.5130260521042 0.0004290336167516609
258.51703406813624 0.00041406607337534767
260.5210420841683 0.00039963782380762075
262.52505010020036 0.000385725502702405
264.5290581162324 0.00037230860123544377
266.5330661322645 0.0003593727895248083
268.53707414829654 0.00034690219421141085
270.5410821643286 0.0003348737500587342
272.5450901803607 0.0003232729930593566
274.5490981963928 0.00031208606186429786
276.55310621242484 0.00030129819833595424
278.5571142284569 0.0002908909641795634
280.56112224448896 0.00028084748607548534
282.565130260521 0.0002711671381680637
284.5691382765531 0.0002618246259331045
286.57314629258514 0.0002528124202642267
288.5771543086172 0.00024411764594583636
290.58116232464926 0.0002357299864743687
292.5851703406813 0.00022763754827789245
294.5891783567134 0.00021982084190587227
296.59318637274544 0.00021229385649647334
298.5971943887775 0.00020502092313197213
300.6012024048096 0.00019800836242549327
302.6052104208417 0.00019123926162049025
304.60921843687373 0.00018469944590542267
306.6132264529058 0.0001783947092007272
308.61723446893785 0.00017231049923956335
310.6212424849699 0.00016643689114762382
312.625250501002 0.00016076869355927597
314.62925851703403 0.00015529485564541763
316.6332665330661 0.00015001246177668125
318.63727454909815 0.00014491262910467997
320.6412825651302 0.00013999038363765262
322.64529058116227 0.0001352382911378306
324.64929859719433 0.00013064798350505204
326.6533066132264 0.00012622074555785186
328.6573146292585 0.00012194337099712658
330.66132264529057 0.00011781355938937773
332.6653306613226 0.00011383062138767119
334.6693386773547 0.00010997870910028028
336.67334669338675 0.00010626400346073765
338.6773547094188 0.000102675245651936
340.68136272545087 9.920922830231675e-05
342.6853707414829 9.586620843945705e-05
344.689378757515 9.263310538882852e-05
346.69338677354705 8.951190552950551e-05
348.6973947895791 8.649781815162918e-05
350.70140280561117 8.35871971263385e-05
352.7054108216432 8.077480141511706e-05
354.7094188376753 7.805807712109775e-05
356.7134268537074 7.54382014575501e-05
358.71743486973946 7.290590866549462e-05
360.7214428857715 7.045873632491953e-05
362.7254509018036 6.809454055115537e-05
364.72945891783564 6.58149935522111e-05
366.7334669338677 6.360706307010013e-05
368.73747494989976 6.14772674362219e-05
370.7414829659318 5.9421417471757175e-05
372.7454909819639 5.743303528114339e-05
374.74949899799594 5.551264820198842e-05
376.753507014028 5.366018888561425e-05
378.75751503006006 5.186793549704032e-05
380.7615230460921 5.01333779222564e-05
382.7655310621242 4.845974065733985e-05
384.7695390781563 4.684596304426656e-05
386.77354709418836 4.528530601303265e-05
388.7775551102204 4.377377391128576e-05
390.7815631262525 4.231505309311419e-05
392.78557114228454 4.090537589726691e-05
394.7895791583166 3.954691040865829e-05
396.79358717434866 3.8232070230954755e-05
398.7975951903807 3.695961013286331e-05
400.8016032064128 3.5731777845712266e-05
402.80561122244484 3.454569925838429e-05
404.8096192384769 3.3392849395398575e-05
406.81362725450896 3.228796184656116e-05
408.817635270541 3.12035292187144e-05
410.8216432865731 3.0183904715038477e-05
412.82565130260514 2.9182447388837815e-05
414.82965931863725 2.8214550733185572e-05
416.8336673346693 2.7282139216764545e-05
418.8376753507014 2.6380885958033002e-05
420.84168336673343 2.5520262748544428e-05
422.8456913827655 2.4659173585081004e-05
424.84969939879755 2.384512470034434e-05
426.8537074148296 2.3057506354013104e-05
428.8577154308617 2.2295157457644592e-05
430.86172344689373 2.1560687084001456e-05
432.8657314629258 2.084871162957494e-05
434.86973947895785 2.0163150565454107e-05
436.8737474949899 1.9493531956728383e-05
438.877755511022 1.8852019794284994e-05
440.88176352705403 1.8230725558560102e-05
442.88577154308615 1.756418637551869e-05
444.8897795591182 1.7048514932846966e-05
446.89378757515027 1.648715255337534e-05
448.89779559118233 1.594496891992138e-05
450.9018036072144 1.5419921694924782e-05
452.90581162324645 1.4912133866297142e-05
454.9098196392785 1.4419933522936711e-05
456.91382765531057 1.3946808333220878e-05
458.91783567134263 1.3489114867427359e-05
460.9218436873747 1.304580904138572e-05
462.92585170340675 1.2616633426236794e-05
464.9298597194388 1.2203565597367891e-05
466.93386773547087 1.1802675492768359e-05
468.93787575150293 1.141690328982095e-05
470.94188376753505 1.1042865628753234e-05
472.9458917835671 1.0680792210387476e-05
474.94989979959917 1.0328390089910601e-05
476.9539078156312 9.99097037771241e-06
478.9579158316633 9.66356591012734e-06
480.96192384769535 9.346545106223403e-06
482.9659318637274 9.041138116791386e-06
484.96993987975947 8.744973374346765e-06
486.9739478957915 8.458097981590455e-06
488.9779559118236 8.181785485275774e-06
490.98196392785565 7.915251440731847e-06
492.9859719438877 7.653385050629237e-06
494.98997995991976 7.402740843567571e-06
496.9939879759518 7.160932487113797e-06
498.99799599198394 6.702457028519488e-06
501.002004008016 6.702457028519488e-06
503.00601202404806 6.484517789339332e-06
505.0100200400801 6.274355530524611e-06
507.0140280561122 6.067576431950152e-06
509.01803607214424 5.870308940365277e-06
511.0220440881763 5.6791966854377326e-06
513.0260521042084 5.493006337773119e-06
515.0300601202405 5.31373613978183e-06
517.0340681362725 5.141522784725148e-06
519.0380761523046 4.97270193564745e-06
521.0420841683366 4.81152904179821e-06
523.0460921843687 4.654100599972387e-06
525.0501002004007 4.502942019629272e-06
527.0541082164328 4.348548601232713e-06
529.0581162324648 4.214669581390922e-06
531.062124248497 4.0781554845594204e-06
533.066132264529 3.945282506559314e-06
535.0701402805611 3.813985297481843e-06
537.0741482965931 3.691388515227607e-06
539.0781563126252 3.5728407079415354e-06
541.0821643286572 3.455951266221844e-06
543.0861723446893 3.3437026204084342e-06
545.0901803607214 3.2347988218145338e-06
547.0941883767534 3.129497952844164e-06
549.0981963927856 3.029558933148735e-06
551.1022044088176 2.9315174888548766e-06
553.1062124248497 2.83501973074261e-06
555.1102204408817 2.7439961520300522e-06
557.1142284569138 2.6551129352239477e-06
559.1182364729458 2.5691561842238536e-06
561.1222444889779 2.4840626844271263e-06
563.1262525050099 2.4079514739882343e-06
565.130260521042 2.3262474567684135e-06
567.134268537074 2.2520740728592636e-06
569.1382765531062 2.1793419395968213e-06
571.1422845691383 2.1066350369505754e-06
573.1462925851703 2.040520239383545e-06
575.1503006012024 1.9742534150444303e-06
577.1543086172344 1.9086862520419524e-06
579.1583166332665 1.8488367474106026e-06
581.1623246492985 1.7888406905632669e-06
583.1663326653306 1.7305766415049609e-06
585.1703406813626 1.674931073774993e-06
587.1743486973947 1.618306764621637e-06
589.1783567134268 1.5677076816935693e-06
591.1823647294589 1.5178739115977431e-06
593.1863727454909 1.4684985974826331e-06
595.190380761523 1.4213819153040852e-06
597.194388777555 1.374013399024076e-06
599.1983967935871 1.3310272487200998e-06
601.2024048096192 1.2902563557580086e-06
603.2064128256512 1.245622770715886e-06
605.2104208416833 1.206154575641327e-06
607.2144288577153 1.1662702908825973e-06
609.2184368737475 1.1295872509181512e-06
611.2224448897795 1.0941863159486992e-06
613.2264529058116 1.0577768904077717e-06
615.2304609218436 1.0235426388967632e-06
617.2344689378757 9.92015920701565e-07
619.2384769539077 9.56764189449243e-07
621.2424849699398 9.261715122014048e-07
623.2464929859718 8.992378406048807e-07
625.250501002004 8.679011946890466e-07
627.2545090180361 8.401188046193158e-07
629.2585170340681 7.867955251441611e-07
631.2625250501002 7.867955251441611e-07
633.2665330661322 7.63338046646887e-07
635.2705410821643 7.356705100692908e-07
637.2745490981963 7.149884478064461e-07
639.2785571142284 6.868175096459469e-07
643.2865731462925 6.461487691302824e-07
645.2905811623245 6.262840358384689e-07
647.2945891783567 6.057087412547704e-07
649.2985971943887 5.880121422980653e-07
651.3026052104208 5.691970365045365e-07
653.3066132264528 5.485299552898543e-07
655.3106212424849 5.326468720950878e-07
657.314629258517 5.146675964748289e-07
659.318637274549 4.971487654398938e-07
661.3226452905811 4.815335341980078e-07
663.3266533066131 4.520592347027966e-07
665.3306613226453 4.520592347027966e-07
667.3346693386773 4.3796263054106453e-07
669.3386773547094 4.248432317423967e-07
671.3426853707414 4.07426568038784e-07
673.3466933867735 3.9395247122276503e-07
675.3507014028055 3.8457387389023616e-07
677.3547094188376 3.7208680098832734e-07
679.3587174348696 3.5891963821570334e-07
681.3627254509017 3.500998491622151e-07
683.3667334669337 3.3736437529589284e-07
687.374749498998 3.073874624600518e-07
689.37875751503 3.1062626309651016e-07
691.3827655310621 2.9392505289630076e-07
693.3867735470941 2.8511164658749785e-07
695.3907815631262 2.7736757615279267e-07
697.3947895791582 2.672099595544589e-07
699.3987975951903 2.592983021014347e-07
701.4028056112223 2.498286990579376e-07
703.4068136272545 2.4537066624119736e-07
705.4108216432865 2.366247099188363e-07
707.4148296593186 2.25895133244649e-07
709.4188376753506 2.2278936670064938e-07
711.4228456913827 2.1230443552116414e-07
713.4268537074148 2.0724314904618033e-07
715.4308617234468 1.9478324664354085e-07
717.4348697394789 1.9338924720305308e-07
719.4388777555109 1.889993350880511e-07
721.442885771543 1.8070719662816106e-07
723.446893787575 1.7696994943359977e-07
725.4509018036072 1.7087081401235266e-07
727.4549098196392 1.6344064036078223e-07
729.4589178356713 1.5940696079040157e-07
731.4629258517033 1.5362515359173256e-07
733.4669338677354 1.4966070734345804e-07
735.4709418837674 1.438186139327842e-07
737.4749498997995 1.419111253601113e-07
739.4789579158315 1.3448444486325386e-07
741.4829659318636 2.124328504601644e-07
743.4869739478958 1.5738807979545005e-07
745.4909819639278 1.2199449122849797e-07
747.4949899799599 1.1865252537145527e-07
749.4989979959919 1.1452815092560018e-07
751.503006012024 1.1400037448320995e-07
753.507014028056 1.0499893865581904e-07
755.5110220440881 1.0527910484895257e-07
757.5150300601201 1.0153119734058598e-07
759.5190380761522 9.851067243181271e-08
761.5230460921842 9.488724674770481e-08
763.5270541082164 7.363006336660654e-08
765.5310621242484 8.92225451428183e-08
767.5350701402805 8.643335115906148e-08
769.5390781563126 8.327964763041729e-08
771.5430861723446 8.117519465954174e-08
773.5470941883767 7.907346266615515e-08
775.5511022044087 7.555391877427543e-08
777.5551102204408 7.310216829465794e-08
779.5591182364728 6.974958147911899e-08
781.563126252505 6.906839063276043e-08
783.567134268537 6.562038283178282e-08
785.5711422845691 6.44916812279753e-08
787.5751503006011 6.109098310965866e-08
789.5791583166332 6.080841341614035e-08
791.5831663326652 5.8150286577583336e-08
793.5871743486973 5.528659155304855e-08
795.5911823647293 5.383707452108352e-08
797.5951903807614 5.3094258044232956e-08
799.5991983967936 5.127423690806549e-08
801.6032064128256 4.977650356603562e-08
803.6072144288577 5.0960566148900116e-08
805.6112224448897 4.6022573709586626e-08
807.6152304609218 4.2159853171953635e-08
809.6192384769538 4.457916706590654e-08
811.6232464929859 4.155576409005576e-08
813.6272545090179 4.041623995481774e-08
815.63126252505 3.9842162299561155e-08
817.635270541082 3.870122939749967e-08
819.6392785571142 3.646183610823932e-08
821.6432865731462 3.530119397158068e-08
823.6472945891783 3.443753011769096e-08
825.6513026052103 3.356144618317533e-08
827.6553106212424 3.335712315481742e-08
829.6593186372745 3.104710405488931e-08
831.6633266533065 2.9619055086330243e-08
833.6673346693386 2.903590507643235e-08
835.6713426853706 2.815071605359006e-08
837.6753507014027 2.690068665838954e-08
839.6793587174348 2.595995295273063e-08
841.6833667334669 2.5246038933725018e-08
843.6873747494989 2.5389749896577873e-08
845.691382765531 2.357902028464223e-08
847.695390781563 2.357902028464223e-08
849.6993987975951 2.223534722239569e-08
851.7034068136271 2.2528413812850318e-08
853.7074148296592 2.2079124392832757e-08
855.7114228456913 2.026504307629437e-08
857.7154308617233 2.2041522830572744e-08
859.7194388777555 2.0595914593692606e-08
861.7234468937875 1.930799234802542e-08
863.7274549098196 1.8070299579506298e-08
865.7314629258516 1.866233350242166e-08
867.7354709418837 1.5822510385765295e-08
869.7394789579157 1.6969799982526738e-08
871.7434869739478 1.608520967247261e-08
873.7474949899798 1.606333328594694e-08
875.751503006012 1.4365850020970861e-08
877.755511022044 1.5744312671811664e-08
879.7595190380761 1.4200129565344254e-08
881.7635270541081 1.4272841082616641e-08
883.7675350701402 1.2862525952397718e-08
885.7715430861723 1.3384414520625266e-08
887.7755511022043 1.241695230279789e-08
889.7795591182364 1.1401184361482323e-08
891.7835671342684 1.2593826887979975e-08
893.7875751503005 1.2254205159130987e-08
895.7915831663325 9.301978486603578e-09
897.7955911823647 1.125584451501765e-08
899.7995991983967 1.0760197093271227e-08
901.8036072144288 8.719980783751754e-09
903.8076152304608 9.971642373747526e-09
905.8116232464929 9.942067919456424e-09
907.8156312625249 9.208687892431317e-09
909.819639278557 9.592110803496447e-09
911.823647294589 7.656413999351324e-09
913.8276553106211 7.708491922354511e-09
915.8316633266533 9.199272891760983e-09
917.8356713426853 8.264344925264183e-09
919.8396793587174 9.527170455136256e-09
921.8436873747494 6.761933567279655e-09
923.8476953907815 5.735858385537731e-09
925.8517034068135 6.5853387882804715e-09
927.8557114228456 5.927982037038921e-09
929.8597194388776 6.7322671592714815e-09
931.8637274549097 6.7075031373415194e-09
933.8677354709417 5.38869170641197e-09
935.8717434869739 5.548219114836821e-09
937.8757515030059 5.788437067511107e-09
939.879759519038 5.037064550742025e-09
941.8837675350701 5.5470430029045434e-09
943.8877755511021 4.174870650298215e-09
945.8917835671342 5.154371444666821e-09
947.8957915831662 5.458428410139363e-09
949.8997995991983 4.6610314015625066e-09
951.9038076152303 3.6114110564829503e-09
953.9078156312625 4.631503237332528e-09
955.9118236472945 4.163210281956439e-09
957.9158316633266 3.1420130120950797e-09
959.9198396793586 5.8642324619769856e-09
961.9238476953907 4.3954345297100464e-09
963.9278557114227 4.3954345297100464e-09
965.9318637274548 3.4357638975558138e-09
967.9358717434868 4.159422064052056e-09
969.9398797595189 2.878084107220876e-09
971.943887775551 3.5128928536370887e-09
973.947895791583 3.487707062462667e-09
975.9519038076152 2.9022627540732296e-09
977.9559118236472 3.0027241626371197e-09
979.9599198396793 3.033114245179205e-09
981.9639278557113 2.494307846746523e-09
983.9679358717434 1.314042353545257e-09
985.9719438877754 1.967969655005161e-09
987.9759519038075 7.925202447967573e-10
989.9799599198395 2.555329556074296e-09
991.9839679358716 2.3522283871819358e-09
993.9879759519036 2.1702705834947077e-09
995.9919839679358 2.112577985833669e-09
997.9959919839679 2.7368736865329754e-09
