0.0 0.005863767466010744
2.004008016032064 0.005863767466010744
4.008016032064128 0.011694564112771892
6.012024048096192 0.017458969592777984
8.016032064128256 0.023122620917139805
10.020040080160319 0.028649641467192028
12.024048096192384 0.03400197567283157
14.028056112224448 0.03913849079495563
16.03206412825651 0.044013856818094596
18.036072144288575 0.04857688170081186
20.040080160320638 0.05276829839210428
22.0440881763527 0.05651744807269648
24.04809619238477 0.05973773772421119
26.052104208416832 0.06232037092392146
28.056112224448896 0.06412686024562203
30.06012024048096 0.06498358180569551
32.06412825651302 0.06469285004277499
34.06813627254509 0.06313183822303772
36.07214428857715 0.06069818120589794
38.07615230460922 0.058003299033967066
40.080160320641276 0.055334282069904976
42.08416833667334 0.052804591767781295
44.0881763527054 0.05045063156844998
46.09218436873747 0.04827566288984691
48.09619238476954 0.046269719855955335
50.1002004008016 0.04441839257953967
52.104208416833664 0.042706623596304526
54.108216432865724 0.04112021582571738
56.11222444889779 0.039646364558463036
58.11623246492985 0.03827374124896346
60.12024048096192 0.03699234188762319
62.12424849699398 0.03579342287066816
64.12825651302605 0.03466927820777346
66.1322645290581 0.033613128535466885
68.13627254509018 0.03261897925095066
70.14028056112224 0.03168152350737381
72.1442885771543 0.030796046050683562
74.14829659318636 0.0299583239718206
76.15230460921843 0.02916459141850279
78.1563126252505 0.028411470942037997
80.16032064128255 0.027695916978155995
82.16432865731463 0.027015181141384993
84.16833667334669 0.026366769256803802
86.17234468937875 0.025748437791968656
88.1763527054108 0.025158133523592148
90.18036072144288 0.02459398409425914
92.18436873747494 0.024054293644003116
94.188376753507 0.0235374928897984
96.19238476953907 0.023042156278162165
98.19639278557113 0.022566973040515553
100.2004008016032 0.022110728989938738
102.20440881763525 0.02167231174029024
104.20841683366733 0.02125069546374754
106.21242484969939 0.02084493234185634
108.21643286573145 0.020454134528527082
110.22044088176351 0.020077493935570304
112.22444889779558 0.019714249287994007
114.22845691382764 0.019363696069846288
116.2324649298597 0.01902517725950585
118.23647294589178 0.018698085213671632
120.24048096192384 0.01838184631762359
122.2444889779559 0.018075924089848754
124.24849699398796 0.01777983159501206
126.25250501002003 0.01749308608463969
128.2565130260521 0.017215254190504587
130.26052104208415 0.016945933690572353
132.2645290581162 0.016684725915422506
134.26853707414827 0.016431279847266517
136.27254509018036 0.0161852460150959
138.27655310621242 0.015946299136325903
140.28056112224448 0.015714145598619004
142.28456913827654 0.015488494430392113
144.2885771543086 0.015269070723348663
146.29258517034066 0.01505562843488636
148.29659318637272 0.014847912400134965
150.3006012024048 0.014645703379192316
152.30460921843687 0.014448779125481915
154.30861723446893 0.014256937583656492
156.312625250501 0.014069985575929719
158.31663326653305 0.013887733112605398
160.3206412825651 0.01371000267858429
162.32464929859717 0.013536637355887324
164.32865731462925 0.013367468293326376
166.3326653306613 0.013202345571052737
168.33667334669337 0.013041123617303158
170.34068136272543 0.012883667176422323
172.3446893787575 0.012729847030631233
174.34869739478955 0.012579533882954498
176.3527054108216 0.012432613061710111
178.3567134268537 0.012288967265653771
180.36072144288576 0.012148484861498532
182.36472945891782 0.0120110652454472
184.36873747494988 0.011876613773294601
186.37274549098194 0.0117450247494672
188.376753507014 0.011616215460696954
190.38076152304606 0.01149008928312587
192.38476953907815 0.01136657190296447
194.3887775551102 0.011245578699371933
196.39278557114227 0.011127032648071963
198.39679358717433 0.011010859362034591
200.4008016032064 0.01089698775517836
202.40480961923845 0.010785354618200876
204.4088176352705 0.010675884322029561
206.41282565130257 0.010568517014195141
208.41683366733466 0.010463201285609923
210.42084168336672 0.010359871541964162
212.42484969939878 0.01025846859269483
214.42885771543084 0.010158947628749162
216.4328657314629 0.010061243668594292
218.43687374749496 0.0099653182880954
220.44088176352702 0.009871118522044224
222.4448897795591 0.009778598571880176
224.44889779559117 0.00968771112590518
226.45290581162322 0.009598420214476272
228.45691382765528 0.009510675533180888
230.46092184368734 0.009424444737141857
232.4649298597194 0.009339680186275184
234.46893787575146 0.009256349844533105
236.47294589178355 0.009174415130488873
238.4769539078156 0.009093841203134908
240.48096192384767 0.009014594685307164
242.48496993987973 0.008936646519624414
244.4889779559118 0.008859959799195582
246.49298597194385 0.008784505954884059
248.4969939879759 0.008710252047455222
250.501002004008 0.00863717231317449
252.50501002004006 0.008565243025053175
254.50901803607212 0.008494427142690683
256.5130260521042 0.00842471131394699
258.51703406813624 0.00835605838888046
260.5210420841683 0.00828844894787743
262.52505010020036 0.008221857860996102
264.5290581162324 0.008156261831840006
266.5330661322645 0.008091645219004464
268.53707414829654 0.008027976425597619
270.5410821643286 0.007965241414432077
272.5450901803607 0.00790341375336737
274.5490981963928 0.00784247821271255
276.55310621242484 0.007782419372914846
278.5571142284569 0.0077218370041511625
280.56112224448896 0.007664827478647926
282.565130260521 0.00760726498949484
284.5691382765531 0.0075505078120816395
286.57314629258514 0.007494530245981277
288.5771543086172 0.007439318792749726
290.58116232464926 0.00738486055368843
292.5851703406813 0.0073311368479447355
294.5891783567134 0.007278133192326781
296.59318637274544 0.007225838044770946
298.5971943887775 0.007174233816429573
300.6012024048096 0.007123300155647564
302.6052104208417 0.007073043015026803
304.60921843687373 0.007023429874180413
306.6132264529058 0.006974458014383665
308.61723446893785 0.006926117470791401
310.6212424849699 0.006878385700565092
312.625250501002 0.0068312581486057265
314.62925851703403 0.006784719528472989
316.6332665330661 0.006738763407645836
318.63727454909815 0.006693378082301875
320.6412825651302 0.006648553106494607
322.64529058116227 0.006604270509080423
324.64929859719433 0.0065605317766324455
326.6533066132264 0.006517325220656703
328.6573146292585 0.006474626252826568
330.66132264529057 0.006432438262369505
332.6653306613226 0.006390776223222015
334.6693386773547 0.006349560884627845
336.67334669338675 0.006308849538726624
338.6773547094188 0.006268614069602651
340.68136272545087 0.0062288427077548635
342.6853707414829 0.006189531372649585
344.689378757515 0.00615066677455641
346.69338677354705 0.006112245915824971
348.6973947895791 0.0060742571194076
350.70140280561117 0.006036700854707265
352.7054108216432 0.005999557598002745
354.7094188376753 0.00596283137187772
356.7134268537074 0.005926486675313412
358.71743486973946 0.005890587630735356
360.7214428857715 0.005855057504852156
362.7254509018036 0.005819912150545139
364.72945891783564 0.005785147348582638
366.7334669338677 0.005750755917738468
368.73747494989976 0.005716735242634785
370.7414829659318 0.005683075190191876
372.7454909819639 0.005649766790342483
374.74949899799594 0.00561681202006551
376.753507014028 0.005584198100326871
378.75751503006006 0.005551927134518478
380.7615230460921 0.005519987696190702
382.7655310621242 0.005488377570797762
384.7695390781563 0.00545709015907755
386.77354709418836 0.005426122678277034
388.7775551102204 0.005395467939686746
390.7815631262525 0.0053651197065055995
392.78557114228454 0.005335082422496351
394.7895791583166 0.00530534299200713
396.79358717434866 0.005275888685438159
398.7975951903807 0.0052467364288698425
400.8016032064128 0.005217863739517291
402.80561122244484 0.005189276811023583
404.8096192384769 0.005160966939433865
406.81362725450896 0.005132929311326716
408.817635270541 0.005105164699472802
410.8216432865731 0.005077663806406951
412.82565130260514 0.005050422306919094
414.82965931863725 0.005023444255369794
416.8336673346693 0.004996719310634463
418.8376753507014 0.004970246929929848
420.84168336673343 0.004944019032888018
422.8456913827655 0.0049180333316613395
424.84969939879755 0.004892291650711369
426.8537074148296 0.004866785584419484
428.8577154308617 0.0048415156573553475
430.86172344689373 0.004816476138138598
432.8657314629258 0.0047916463103700214
434.86973947895785 0.004767072423829656
436.8737474949899 0.004742706705879958
438.877755511022 0.004718557106139753
440.88176352705403 0.004695485450429691
442.88577154308615 0.004670898246112337
444.8897795591182 0.0046473892477478
446.89378757515027 0.004624086908109945
448.89779559118233 0.004600985489493705
450.9018036072144 0.004578084255241577
452.90581162324645 0.004555385704264734
454.9098196392785 0.004532882019773671
456.91382765531057 0.00451056831813465
458.91783567134263 0.004488449396023015
460.9218436873747 0.004466519142880679
462.92585170340675 0.0044447738163517604
464.9298597194388 0.0044232149513161395
466.93386773547087 0.004401832833111355
468.93787575150293 0.004380632435701048
470.94188376753505 0.0043596117722244695
472.9458917835671 0.004338759887079006
474.94989979959917 0.004318086608920523
476.9539078156312 0.004297581016493225
478.9579158316633 0.004277242145897667
480.96192384769535 0.004257071063922923
482.9659318637274 0.0042370636598523075
484.96993987975947 0.00421721803126914
486.9739478957915 0.00419753327509578
488.9779559118236 0.004178006398998402
490.98196392785565 0.00415863448175121
492.9859719438877 0.004139418106470124
494.98997995991976 0.004120352008985874
496.9939879759518 0.0041014386637278286
498.99799599198394 0.0040826803046719136
501.002004008016 0.004064060643599014
503.00601202404806 0.004045590405133776
505.0100200400801 0.004027263411254936
507.0140280561122 0.004009078484382874
509.01803607214424 0.003991029953457523
511.0220440881763 0.003973124808348733
513.0260521042084 0.003955356011083407
515.0300601202405 0.003937721199874843
517.0340681362725 0.003920220782751136
519.0380761523046 0.0039028539841724184
521.0420841683366 0.003885618166264618
523.0460921843687 0.003851531278732102
525.0501002004007 0.003851531278732102
527.0541082164328 0.0038346782344101517
529.0581162324648 0.003817952160197017
531.062124248497 0.0038013476453187455
533.066132264529 0.0037848670428865523
535.0701402805611 0.0037685080670235216
537.0741482965931 0.003752264224526973
539.0781563126252 0.0037361422103415836
541.0821643286572 0.003720138098169861
543.0861723446893 0.0037042491806707164
545.0901803607214 0.003688473085943157
547.0941883767534 0.0036728099884128025
549.0981963927856 0.0036572619555153753
551.1022044088176 0.0036418238004015924
553.1062124248497 0.0036264949350179898
555.1102204408817 0.0036112741887486307
557.1142284569138 0.003596159614785915
559.1182364729458 0.0035811540143945507
561.1222444889779 0.0035662520518486324
563.1262525050099 0.0035514520254421827
565.130260521042 0.0035367593749587893
567.134268537074 0.003522164266607324
569.1382765531062 0.0035076711612169807
571.1422845691383 0.0034932799300839263
573.1462925851703 0.0034789863752322553
575.1503006012024 0.00346478782849897
577.1543086172344 0.0034506908798871165
579.1583166332665 0.003436684910378526
581.1623246492985 0.003422776478980883
583.1663326653306 0.0034089603097638356
585.1703406813626 0.0033952370705936474
587.1743486973947 0.003381605186276362
589.1783567134268 0.0033680672225429626
591.1823647294589 0.003354614708095685
593.1863727454909 0.003341255444843551
595.190380761523 0.0033279814012502225
597.194388777555 0.0033147964530856793
599.1983967935871 0.0033016985194829714
601.2024048096192 0.0032886844923564165
603.2064128256512 0.003275755324330388
605.2104208416833 0.003262911415733298
607.2144288577153 0.0032501482371612433
609.2184368737475 0.0032374688983165386
611.2224448897795 0.0032248762531891686
613.2264529058116 0.003212354690757353
615.2304609218436 0.00319991929879786
617.2344689378757 0.003187562178480664
619.2384769539077 0.0031752826026894823
621.2424849699398 0.0031630829263575976
623.2464929859718 0.00315095718078755
625.250501002004 0.0031389093703480383
627.2545090180361 0.0031269358583625034
629.2585170340681 0.00311503914051001
631.2625250501002 0.003103213603155841
633.2665330661322 0.0030914676800735995
635.2705410821643 0.0030797847040471343
637.2745490981963 0.003068182913160902
639.2785571142284 0.003056645989043883
641.2825651302604 0.003045186302161623
643.2865731462925 0.003033793563351988
645.2905811623245 0.0030224685855797027
647.2945891783567 0.0030112127686897335
649.2985971943887 0.0030000256568201147
651.3026052104208 0.0029889116292665654
653.3066132264528 0.0029778548339303625
655.3106212424849 0.0029668717206809032
657.314629258517 0.0029559530476993244
659.318637274549 0.0029450969492807655
661.3226452905811 0.002934305028083276
663.3266533066131 0.002923579498665749
665.3306613226453 0.002912918048335194
667.3346693386773 0.002902316464139668
669.3386773547094 0.0028917816780502704
671.3426853707414 0.002881305290015831
673.3466933867735 0.00286053601063004
675.3507014028055 0.00286053601063004
677.3547094188376 0.0028502449440711507
679.3587174348696 0.002840010393458174
681.3627254509017 0.002829834435711707
683.3667334669337 0.002819712072512768
685.3707414829659 0.0028096647078419638
687.374749498998 0.002799656454023237
689.37875751503 0.002789718361434616
691.3827655310621 0.0027798315600268578
693.3867735470941 0.002770002861282372
695.3907815631262 0.0027602288464570177
697.3947895791582 0.002750507343327394
699.3987975951903 0.002740847007952472
701.4028056112223 0.002731233789164351
703.4068136272545 0.0027216790992323236
705.4108216432865 0.002712173983032376
707.4148296593186 0.0027027262825905438
709.4188376753506 0.002693327607837695
711.4228456913827 0.002683985443518759
713.4268537074148 0.002674682045345741
715.4308617234468 0.0026654493556695228
717.4348697394789 0.002656254205201541
719.4388777555109 0.002638023323818615
721.442885771543 0.002638023323818615
723.446893787575 0.0026289812096244717
725.4509018036072 0.002619992611666611
727.4549098196392 0.002611045723725532
729.4589178356713 0.002602156805392552
731.4629258517033 0.0025932987602089647
733.4669338677354 0.0025845034084733295
735.4709418837674 0.0025757571766274706
737.4749498997995 0.0025670527285209578
739.4789579158315 0.002549768819870921
741.4829659318636 0.002549768819870921
743.4869739478958 0.0025411976424333706
745.4909819639278 0.00253268297443204
747.4949899799599 0.0025242129483294706
749.4989979959919 0.0025157550478547854
751.503006012024 0.0025073944715414535
753.507014028056 0.0024990434791748936
755.5110220440881 0.0024907485903711804
757.5150300601201 0.0024824908484287677
759.5190380761522 0.002474277550657066
761.5230460921842 0.002466099053208294
763.5270541082164 0.002457976123243401
765.5310621242484 0.0024498878933826023
767.5350701402805 0.0024418449129765198
769.5390781563126 0.0024338375053690356
771.5430861723446 0.00242587429456221
773.5470941883767 0.002417953543360127
775.5511022044087 0.002410073863686929
777.5551102204408 0.002402228601227913
779.5591182364728 0.0023944252601389737
781.563126252505 0.0023866633202151177
783.567134268537 0.0023789411879819524
787.5751503006011 0.00236361251134215
789.5791583166332 0.002356000481450194
791.5831663326652 0.0023484294671132617
799.5991983967936 0.00231852709145304
801.6032064128256 0.002311143924754367
803.6072144288577 0.00230379865226946
805.6112224448897 0.0022964846179974754
807.6152304609218 0.0022892100959691726
809.6192384769538 0.0022819694391618276
811.6232464929859 0.0022747649100674757
813.6272545090179 0.0022675974384618377
815.63126252505 0.0022604606901794598
817.635270541082 0.002253362499190411
819.6392785571142 0.0022462963487989308
821.6432865731462 0.002239266763081112
823.6472945891783 0.0022253030017097856
825.6513026052103 0.0022253030017097856
827.6553106212424 0.0022183738573531564
833.6673346693386 0.002197781349039233
835.6713426853706 0.0021909796947184946
837.6753507014027 0.0021842099997927693
839.6793587174348 0.002177479994564505
841.6833667334669 0.0021707743119523865
843.6873747494989 0.0021641011129177106
845.691382765531 0.0021574641741696422
847.695390781563 0.002150852852609424
851.7034068136271 0.0021377288284550513
853.7074148296592 0.0021312056718473934
855.7114228456913 0.0021247156937240757
857.7154308617233 0.0021182650431193144
859.7194388777555 0.002111831726519106
861.7234468937875 0.0021054364870991826
863.7274549098196 0.0020990706240188433
865.7314629258516 0.0020927488812709305
867.7354709418837 0.002086422377118106
869.7394789579157 0.0020801398742375833
871.7434869739478 0.0020738900520634535
873.7474949899798 0.0020676639413439984
875.751503006012 0.002061469550004789
877.755511022044 0.0020553038560375317
879.7595190380761 0.0020491618227045753
881.7635270541081 0.0020430505800372568
883.7675350701402 0.0020369640710156366
885.7715430861723 0.002030907249355547
887.7755511022043 0.0020248804817909736
889.7795591182364 0.0020188777224369797
891.7835671342684 0.0020128939912753057
893.7875751503005 0.002006951024977421
895.7915831663325 0.0020010328329098832
897.7955911823647 0.0019951346582243058
899.7995991983967 0.0019892547661912543
901.8036072144288 0.00198336295568384
903.8076152304608 0.0019776006957246484
905.8116232464929 0.0019718039894715874
907.8156312625249 0.001966035533498411
909.819639278557 0.0019602947248311825
911.823647294589 0.001954580849164901
913.8276553106211 0.0019488845760972718
917.8356713426853 0.0019375728598063702
919.8396793587174 0.001931960113578231
921.8436873747494 0.001926364542814167
923.8476953907815 0.0019207917158888994
925.8517034068135 0.0019152453163795928
927.8557114228456 0.0019097240172375664
929.8597194388776 0.0019042264426588579
931.8637274549097 0.0018987499724586368
933.8677354709417 0.0018933007592149558
935.8717434869739 0.00188787289939116
937.8757515030059 0.0018824680584518289
939.879759519038 0.0018770839183966373
941.8837675350701 0.0018717268686094576
943.8877755511021 0.0018663939164308525
945.8917835671342 0.0018610871823038328
947.8957915831662 0.00185578946731425
949.8997995991983 0.0018505169571508104
951.9038076152303 0.0018452697335017347
953.9078156312625 0.0018400428017863184
955.9118236472945 0.001834840624549792
957.9158316633266 0.001829665110363094
959.9198396793586 0.001824507831369468
961.9238476953907 0.0018193670703979732
963.9278557114227 0.0018142428395376267
965.9318637274548 0.0018091556733685881
967.9358717434868 0.001804077662038797
969.9398797595189 0.0017990224518072452
971.943887775551 0.0017939938610264843
973.947895791583 0.0017889827205347071
975.9519038076152 0.0017839909287990809
977.9559118236472 0.0017790208434809017
979.9599198396793 0.001774069514705863
981.9639278557113 0.0017691400351229941
983.9679358717434 0.001764228064363396
985.9719438877754 0.0017544705800093521
987.9759519038075 0.0017544705800093521
989.9799599198395 0.0017496199547071612
991.9839679358716 0.0017447875249220878
993.9879759519036 0.00173997416738725
995.9919839679358 0.0017351848697922379
997.9959919839679 0.0017304102672456606
1000.0 0.0017256594645275662
1050.0 0.0016129650408009315
1064.824120603015 0.0015816050756780088
1079.6482412060302 0.0015511029087010597
1094.4723618090452 0.0015214310725581188
1109.2964824120604 0.0014925763562190664
1124.1206030150754 0.0014644941922413203
1138.9447236180904 0.0014371509273926257
1153.7688442211056 0.0014105219847212482
1168.5929648241206 0.0013845862365101437
1183.4170854271356 0.0013593073590761195
1198.2412060301508 0.00133467454114866
1213.0653266331658 0.001310653312753469
1227.8894472361808 0.001287233931098333
1242.713567839196 0.0012643826983157506
1257.537688442211 0.001242089461467482
1272.3618090452262 0.0012203284457652733
1287.1859296482412 0.0011990884325322657
1302.0100502512562 0.001178346179863484
1316.8341708542714 0.0011580967051139132
1331.6582914572864 0.0011383109377773898
1346.4824120603016 0.0011189843176687298
1361.3065326633166 0.0011000869580875912
1376.1306532663316 0.0010816245651647332
1390.9547738693468 0.0010635845572020447
1405.7788944723618 0.001045938276853837
1420.6030150753768 0.0010286535361764297
1435.427135678392 0.0010117653147437428
1450.251256281407 0.0009952436237281009
1465.075376884422 0.0009790727194213377
1479.8994974874372 0.0009477663562460761
1494.7236180904522 0.0009477663562460761
1509.5477386934672 0.0009325996822617739
1524.3718592964824 0.0009177418823817882
1539.1959798994976 0.0009031915568598098
1554.0201005025126 0.0008889499996332685
1568.8442211055276 0.0008749935743825033
1583.6683417085428 0.0008613039404717016
1598.4924623115578 0.0008479144852397301
1613.3165829145728 0.0008347828134808122
1628.140703517588 0.0008219042404464398
1642.964824120603 0.0008092754685633048
1657.788944723618 0.0007969104434825234
1672.6130653266332 0.0007847711293447878
1687.4371859296482 0.000772879490710665
1702.2613065326632 0.0007612018661258765
1717.0854271356784 0.0007497460322476511
1731.9095477386934 0.0007385092056927585
1746.7336683417084 0.0007274908290599428
1761.5577889447236 0.0007166788221110566
1776.3819095477388 0.0007060549931812112
1791.2060301507538 0.0006956339568089647
1806.0301507537688 0.000685399713738238
1820.854271356784 0.0006753645213784321
1835.678391959799 0.0006558194342891912
1850.502512562814 0.0006558194342891912
1865.3266331658292 0.0006463082217163306
1880.1507537688442 0.0006369718147061831
1894.9748743718592 0.0006278087133383695
1909.7989949748744 0.0006187853523334678
1924.6231155778894 0.0006099357679382373
1939.4472361809044 0.0006012331334929281
1954.2713567839196 0.0005926895709319296
1969.0954773869346 0.0005842900191905315
1983.9195979899496 0.0005760318218178603
1998.7437185929648 0.0005679263294436824
2013.56783919598 0.0005599474416604717
2043.21608040201 0.0005444057035536258
2058.040201005025 0.0005368239842756138
2072.86432160804 0.000529366374047806
2087.688442211055 0.0005220517649726567
2102.5125628140704 0.0005148423609283989
2117.3366834170856 0.0005077553676285545
2132.1608040201004 0.0005007845012247282
2146.9849246231156 0.0004939340553285981
2161.8090452261304 0.0004871947171625817
2176.6331658291456 0.00048056429735617576
2191.457286432161 0.00047403789171892246
2206.281407035176 0.000467610504910379
2221.1055276381912 0.00046130344999574025
2235.929648241206 0.00045525114956846785
2250.7537688442208 0.0004489596783787751
2265.577889447236 0.00044293952988738966
2280.402010050251 0.0004370129965469448
2295.2261306532664 0.00043120100467040575
2310.0502512562816 0.00042544664012528883
2324.8743718592964 0.00041980144380052836
2339.6984924623116 0.0004142272031114965
2354.5226130653264 0.0004087353648780489
2384.170854271357 0.0003980446212965885
2398.994974874372 0.0003928121014682965
2413.819095477387 0.0003876853701912726
2428.643216080402 0.0003825865514514912
2443.4673366834168 0.00037760969583918217
2458.291457286432 0.0003726813606280625
2473.115577889447 0.00036783580301297735
2487.9396984924624 0.0003630535786102096
2502.7638190954776 0.00035840951921853114
2517.5879396984924 0.00035370756896700657
2532.4120603015076 0.0003492325615545957
2547.2361809045224 0.0003447533999625268
2562.0603015075376 0.0003403532097076483
2576.884422110553 0.00033582934812336504
2591.708542713568 0.000331568853023105
2606.532663316583 0.00032732182284091063
2621.356783919598 0.00032323682002779005
2636.1809045226128 0.00031888623094898644
2651.005025125628 0.0003152080905825251
2665.829145728643 0.00031107491163025685
2680.6532663316584 0.000307048524040552
2695.4773869346736 0.00030325211351743824
2710.3015075376884 0.0002991941995186491
2725.125628140703 0.00029578028578323436
2739.9497487437184 0.0002919040102874609
2754.7738693467336 0.00028831297702118996
2769.597989949749 0.00028472630127856824
2784.422110552764 0.00028125620597828404
2799.246231155779 0.0002776217340775334
2814.070351758794 0.00027414865324612467
2828.8944723618088 0.0002705332912704594
2843.718592964824 0.00026743747798001313
2858.542713567839 0.00026593435374616084
2873.3668341708544 0.0002609334830722108
2888.190954773869 0.00025760510978993794
2903.0150753768844 0.00025463146051249165
2917.839195979899 0.0002504723913692558
2932.6633165829144 0.00024823402351200106
2947.4874371859296 0.0002450820706287633
2962.311557788945 0.00024202561653471747
2977.13567839196 0.00023903496291861618
2991.959798994975 0.00023641302281698944
3006.78391959799 0.00023334155145896454
3021.6080402010048 0.00023046123346161744
3036.43216080402 0.00022776262604187072
3051.256281407035 0.00022469059410565981
3066.0804020100504 0.0002219555833030659
3080.904522613065 0.00021947145205173762
3095.7286432160804 0.00021684996481586085
3125.3768844221104 0.0002116728836662662
3140.2010050251256 0.00020913298182047868
3155.025125628141 0.00020653900486293609
3169.8492462311556 0.0002040600634829067
3184.673366834171 0.00020155763808532679
3199.497487437186 0.00019922894463100528
3214.3216080402008 0.00019012593855922765
3229.145728643216 0.00019443739792513937
3243.969849246231 0.00019216271430837073
3258.793969849246 0.00018974808279946742
3273.618090452261 0.00018754247613303316
3288.4422110552764 0.00018531503458008605
3303.266331658291 0.0001831406166027956
3318.0904522613064 0.00018097366465233603
3332.9145728643216 0.0001788122101740555
3347.738693467337 0.0001767317986635999
3362.5628140703516 0.00017458884756196112
3377.386934673367 0.00017246771102203006
3392.211055276382 0.00017039669538879813
3407.035175879397 0.00016864577092359868
3421.859296482412 0.00016648707271581822
3436.683417085427 0.00016456822053466705
3451.507537688442 0.00016257999545231253
3466.331658291457 0.0001609048275451888
3481.1557788944724 0.0001587128383527902
3495.979899497487 0.0001569637407120104
3510.8040201005024 0.00015510731843068184
3525.6281407035176 0.00015327828494634727
3540.452261306533 0.00015148542682350246
3555.2763819095476 0.00014971475165406636
3570.100502512563 0.00014798936913820948
3584.924623115578 0.00014621244031721176
3599.748743718593 0.00014457015677748065
3614.572864321608 0.0001428792590758662
3629.396984924623 0.00014125438201063282
3644.221105527638 0.00013794747693189892
3659.045226130653 0.00013794747693189892
3673.8693467336684 0.00013607500232568957
3688.693467336683 0.0001347842327248086
3703.5175879396984 0.00013324739236420668
3718.3417085427136 0.00013167428820140946
3733.1658291457284 0.0001298921661848174
3747.9899497487436 0.00012867960182881989
3762.814070351759 0.000127248382434749
3777.6381909547736 0.00012574322040487742
3792.462311557789 0.00012427123279968094
3807.286432160804 0.00012285980756594194
3822.110552763819 0.0001215337315341136
3836.934673366834 0.00012006996019264319
3851.758793969849 0.00011869941967447183
3866.5829145728644 0.00011735708992740272
3881.407035175879 0.00011595814289136323
3896.2311557788944 0.00011467153116244813
3911.0552763819096 0.00011338059026172097
3925.8793969849244 0.00011210035443040962
3940.7035175879396 0.00011087862365459195
3955.527638190955 0.0001083278447501366
3970.3517587939696 0.0001083278447501366
3985.175879396985 0.00010704026183880783
4000.0 0.00010579787169124511
4100.0 9.80314419279308e-05
4129.292929292929 9.585963953390677e-05
4158.585858585859 9.373909136944449e-05
4187.878787878788 9.167085408954533e-05
4217.171717171717 8.964680007775677e-05
4246.464646464647 8.767499142571128e-05
4275.757575757576 8.574640168755258e-05
4305.050505050505 8.386426098935919e-05
4334.343434343435 8.20249844942414e-05
4363.636363636364 8.022976851796225e-05
4392.929292929293 7.847489692200467e-05
4422.222222222223 7.676224535891035e-05
4451.515151515152 7.508861776165799e-05
4480.808080808081 7.345345024192483e-05
4510.10101010101 7.185576346198062e-05
4539.393939393939 7.029473573373739e-05
4568.686868686868 6.877052475366012e-05
4597.979797979798 6.727913574468099e-05
4627.272727272727 6.582447073558574e-05
4656.565656565656 6.44018905531297e-05
4685.858585858586 6.301188723674051e-05
4715.151515151515 6.165362431858049e-05
4744.444444444444 6.03252888673469e-05
4773.737373737374 5.9028727478978226e-05
4803.030303030303 5.77600838603174e-05
4832.323232323232 5.652005801177117e-05
4861.616161616162 5.530896949648697e-05
4890.909090909091 5.412467909791281e-05
4920.20202020202 5.2967190742448166e-05
4949.49494949495 5.18354644960787e-05
5008.080808080808 4.964730972060558e-05
5037.373737373738 4.858966355402889e-05
5066.666666666667 4.755614790815279e-05
5095.959595959596 4.654513857389179e-05
5125.252525252526 4.555712615846913e-05
5154.545454545454 4.4590898018488345e-05
5183.838383838383 4.364706327099076e-05
5213.131313131313 4.272167524732814e-05
5242.424242424242 4.1818361916856156e-05
5271.717171717171 4.093493966927124e-05
5301.010101010101 4.007117927473206e-05
5330.30303030303 3.9225499622080014e-05
5359.595959595959 3.8398969944835056e-05
5388.888888888889 3.7592955888990854e-05
5418.181818181818 3.679901554048061e-05
5447.474747474747 3.603068179478335e-05
5476.767676767677 3.5273245721723804e-05
5506.060606060606 3.4530587229261816e-05
5535.353535353535 3.38074551129723e-05
5564.646464646465 3.308865527388673e-05
5593.939393939394 3.240637088504912e-05
5623.232323232323 3.172791330260718e-05
5652.525252525253 3.1066212949986004e-05
5681.818181818182 3.0418805678565563e-05
5711.111111111111 2.9783842479679308e-05
5740.404040404041 2.9163233260290825e-05
5769.69696969697 2.8556047068787567e-05
5798.989898989899 2.7954729190582038e-05
5828.282828282829 2.738025677258006e-05
5857.575757575758 2.6811392672747387e-05
5886.868686868687 2.6255286889621768e-05
5945.454545454546 2.5177899927980602e-05
5974.747474747475 2.4656717299986653e-05
6004.040404040405 2.414370684810059e-05
6033.333333333334 2.3647129106902746e-05
6062.626262626263 2.3157667659484935e-05
6091.919191919192 2.2679553042959936e-05
6121.212121212121 2.2211313980235733e-05
6150.505050505051 2.175490453258484e-05
6179.79797979798 2.1306600633042155e-05
6209.090909090909 2.0870285124882273e-05
6238.383838383838 2.0437761875179838e-05
6267.676767676768 2.0017776468285598e-05
6296.969696969697 1.9606741036628285e-05
6326.262626262626 1.9203550705624117e-05
6355.555555555556 1.880969424467446e-05
6384.848484848485 1.8423773762703242e-05
6414.141414141414 1.804526864768217e-05
6443.434343434344 1.7676331375885355e-05
6472.727272727273 1.7316411964042633e-05
6502.020202020202 1.696060697974561e-05
6531.313131313132 1.6612994573246537e-05
6560.60606060606 1.6274113414867596e-05
6589.898989898989 1.5941753556947617e-05
6619.191919191919 1.5619231241921615e-05
6648.484848484848 1.529923619824173e-05
6677.777777777777 1.4986752968319885e-05
6707.070707070707 1.4680300668194006e-05
6736.363636363636 1.4382019779250958e-05
6765.656565656565 1.4089832991612967e-05
6794.949494949495 1.380247515864744e-05
6824.242424242424 1.3522066883317964e-05
6853.535353535353 1.3248188157960933e-05
6882.828282828283 1.2979205605923665e-05
6941.414141414141 1.2457914872556548e-05
6970.707070707071 1.2203636360764381e-05
7000.0 1.189976766528884e-05
