#       rho               z           Re density       Im density
     0.471370081     0.309074472      0.062428418      0.000000000
     0.471370081     0.927406866      0.061266999      0.000000000
     0.471370081     1.546291032      0.060092290      0.000000000
     0.471370081     2.166099581      0.060451324      0.000000000
     0.471370081     2.787212382      0.061936880      0.000000000
     0.471370081     3.410019700      0.062930939      0.000000000
     0.471370081     4.034925580      0.063166489      0.000000000
     0.471370081     4.662351564      0.062695876      0.000000000
     0.471370081     5.292740862      0.060095607      0.000000000
     0.471370081     5.926563084      0.051143134      0.000000000
     0.471370081     6.564319719      0.033905845      0.000000000
     0.471370081     7.206550557      0.015674139      0.000000000
     0.471370081     7.853841317      0.004797154      0.000000000
     0.471370081     8.506832843      0.001027221      0.000000000
     0.471370081     9.166232324      0.000198214      0.000000000
     0.471370081     9.832827187      0.000045693      0.000000000
     0.471370081    10.507502518      0.000010104      0.000000000
     0.471370081    11.191263275      0.000001384      0.000000000
     0.471370081    11.885263031      0.000000199      0.000000000
     0.471370081    12.590841867      0.000000152      0.000000000
     0.471370081    13.309577325      0.000000234      0.000000000
     0.471370081    14.043354475      0.000000158      0.000000000
     0.471370081    14.794464838      0.000000049      0.000000000
     0.471370081    15.565750362      0.000000008      0.000000000
     0.471370081    16.360820723      0.000000001      0.000000000
     0.471370081    17.184396135      0.000000000      0.000000000
     0.471370081    18.042878718      0.000000000      0.000000000
     0.471370081    18.945374484      0.000000000      0.000000000
     0.471370081    19.905702258      0.000000000      0.000000000
     0.471370081    20.946907526      0.000000000      0.000000000
     0.471370081    22.113746483      0.000000000      0.000000000
     0.471370081    23.523522399      0.000000000      0.000000000
     1.082254762     0.309074472      0.061034481      0.000000000
     1.082254762     0.927406866      0.060359019      0.000000000
     1.082254762     1.546291032      0.060021305      0.000000000
     1.082254762     2.166099581      0.060910328      0.000000000
     1.082254762     2.787212382      0.062283886      0.000000000
     1.082254762     3.410019700      0.063032601      0.000000000
     1.082254762     4.034925580      0.063140958      0.000000000
     1.082254762     4.662351564      0.062496166      0.000000000
     1.082254762     5.292740862      0.059336450      0.000000000
     1.082254762     5.926563084      0.049380462      0.000000000
     1.082254762     6.564319719      0.031703449      0.000000000
     1.082254762     7.206550557      0.014163516      0.000000000
     1.082254762     7.853841317      0.004213121      0.000000000
     1.082254762     8.506832843      0.000892579      0.000000000
     1.082254762     9.166232324      0.000175447      0.000000000
     1.082254762     9.832827187      0.000041309      0.000000000
     1.082254762    10.507502518      0.000009013      0.000000000
     1.082254762    11.191263275      0.000001209      0.000000000
     1.082254762    11.885263031      0.000000184      0.000000000
     1.082254762    12.590841867      0.000000157      0.000000000
     1.082254762    13.309577325      0.000000234      0.000000000
     1.082254762    14.043354475      0.000000152      0.000000000
     1.082254762    14.794464838      0.000000046      0.000000000
     1.082254762    15.565750362      0.000000007      0.000000000
     1.082254762    16.360820723      0.000000001      0.000000000
     1.082254762    17.184396135      0.000000000      0.000000000
     1.082254762    18.042878718      0.000000000      0.000000000
     1.082254762    18.945374484      0.000000000      0.000000000
     1.082254762    19.905702258      0.000000000      0.000000000
     1.082254762    20.946907526      0.000000000      0.000000000
     1.082254762    22.113746483      0.000000000      0.000000000
     1.082254762    23.523522399      0.000000000      0.000000000
     1.697377299     0.309074472      0.060016768      0.000000000
     1.697377299     0.927406866      0.060057250      0.000000000
     1.697377299     1.546291032      0.060618630      0.000000000
     1.697377299     2.166099581      0.061753868      0.000000000
     1.697377299     2.787212382      0.062735430      0.000000000
     1.697377299     3.410019700      0.063143594      0.000000000
     1.697377299     4.034925580      0.063047317      0.000000000
     1.697377299     4.662351564      0.062003780      0.000000000
     1.697377299     5.292740862      0.057648039      0.000000000
     1.697377299     5.926563084      0.045933718      0.000000000
     1.697377299     6.564319719      0.027819133      0.000000000
     1.697377299     7.206550557      0.011703154      0.000000000
     1.697377299     7.853841317      0.003318400      0.000000000
     1.697377299     8.506832843      0.000693868      0.000000000
     1.697377299     9.166232324      0.000141632      0.000000000
     1.697377299     9.832827187      0.000034466      0.000000000
     1.697377299    10.507502518      0.000007301      0.000000000
     1.697377299    11.191263275      0.000000950      0.000000000
     1.697377299    11.885263031      0.000000163      0.000000000
     1.697377299    12.590841867      0.000000166      0.000000000
     1.697377299    13.309577325      0.000000233      0.000000000
     1.697377299    14.043354475      0.000000141      0.000000000
     1.697377299    14.794464838      0.000000041      0.000000000
     1.697377299    15.565750362      0.000000006      0.000000000
     1.697377299    16.360820723      0.000000001      0.000000000
     1.697377299    17.184396135      0.000000000      0.000000000
     1.697377299    18.042878718      0.000000000      0.000000000
     1.697377299    18.945374484      0.000000000      0.000000000
     1.697377299    19.905702258      0.000000000      0.000000000
     1.697377299    20.946907526      0.000000000      0.000000000
     1.697377299    22.113746483      0.000000000      0.000000000
     1.697377299    23.523522399      0.000000000      0.000000000
     2.314313455     0.309074472      0.060704698      0.000000000
     2.314313455     0.927406866      0.061097648      0.000000000
     2.314313455     1.546291032      0.061829028      0.000000000
     2.314313455     2.166099581      0.062597676      0.000000000
     2.314313455     2.787212382      0.063065030      0.000000000
     2.314313455     3.410019700      0.063158078      0.000000000
     2.314313455     4.034925580      0.062748445      0.000000000
     2.314313455     4.662351564      0.060852714      0.000000000
     2.314313455     5.292740862      0.054406923      0.000000000
     2.314313455     5.926563084      0.040474349      0.000000000
     2.314313455     6.564319719      0.022526386      0.000000000
     2.314313455     7.206550557      0.008721953      0.000000000
     2.314313455     7.853841317      0.002327307      0.000000000
     2.314313455     8.506832843      0.000484418      0.000000000
     2.314313455     9.166232324      0.000105197      0.000000000
     2.314313455     9.832827187      0.000026496      0.000000000
     2.314313455    10.507502518      0.000005323      0.000000000
     2.314313455    11.191263275      0.000000675      0.000000000
     2.314313455    11.885263031      0.000000143      0.000000000
     2.314313455    12.590841867      0.000000181      0.000000000
     2.314313455    13.309577325      0.000000229      0.000000000
     2.314313455    14.043354475      0.000000126      0.000000000
     2.314313455    14.794464838      0.000000034      0.000000000
     2.314313455    15.565750362      0.000000005      0.000000000
     2.314313455    16.360820723      0.000000000      0.000000000
     2.314313455    17.184396135      0.000000000      0.000000000
     2.314313455    18.042878718      0.000000000      0.000000000
     2.314313455    18.945374484      0.000000000      0.000000000
     2.314313455    19.905702258      0.000000000      0.000000000
     2.314313455    20.946907526      0.000000000      0.000000000
     2.314313455    22.113746483      0.000000000      0.000000000
     2.314313455    23.523522399      0.000000000      0.000000000
     2.932932180     0.309074472      0.062199064      0.000000000
     2.932932180     0.927406866      0.062445851      0.000000000
     2.932932180     1.546291032      0.062794744      0.000000000
     2.932932180     2.166099581      0.063073140      0.000000000
     2.932932180     2.787212382      0.063168786      0.000000000
     2.932932180     3.410019700      0.062944316      0.000000000
     2.932932180     4.034925580      0.061903501      0.000000000
     2.932932180     4.662351564      0.058243930      0.000000000
     2.932932180     5.292740862      0.048762874      0.000000000
     2.932932180     5.926563084      0.032939903      0.000000000
     2.932932180     6.564319719      0.016447542      0.000000000
     2.932932180     7.206550557      0.005762585      0.000000000
     2.932932180     7.853841317      0.001445283      0.000000000
     2.932932180     8.506832843      0.000306894      0.000000000
     2.932932180     9.166232324      0.000072643      0.000000000
     2.932932180     9.832827187      0.000018637      0.000000000
     2.932932180    10.507502518      0.000003449      0.000000000
     2.932932180    11.191263275      0.000000442      0.000000000
     2.932932180    11.885263031      0.000000131      0.000000000
     2.932932180    12.590841867      0.000000199      0.000000000
     2.932932180    13.309577325      0.000000218      0.000000000
     2.932932180    14.043354475      0.000000108      0.000000000
     2.932932180    14.794464838      0.000000027      0.000000000
     2.932932180    15.565750362      0.000000004      0.000000000
     2.932932180    16.360820723      0.000000000      0.000000000
     2.932932180    17.184396135      0.000000000      0.000000000
     2.932932180    18.042878718      0.000000000      0.000000000
     2.932932180    18.945374484      0.000000000      0.000000000
     2.932932180    19.905702258      0.000000000      0.000000000
     2.932932180    20.946907526      0.000000000      0.000000000
     2.932932180    22.113746483      0.000000000      0.000000000
     2.932932180    23.523522399      0.000000000      0.000000000
     3.553459424     0.309074472      0.063028494      0.000000000
     3.553459424     0.927406866      0.063093737      0.000000000
     3.553459424     1.546291032      0.063159300      0.000000000
     3.553459424     2.166099581      0.063149139      0.000000000
     3.553459424     2.787212382      0.062929884      0.000000000
     3.553459424     3.410019700      0.062124811      0.000000000
     3.553459424     4.034925580      0.059570108      0.000000000
     3.553459424     4.662351564      0.052837518      0.000000000
     3.553459424     5.292740862      0.040110800      0.000000000
     3.553459424     5.926563084      0.023962025      0.000000000
     3.553459424     6.564319719      0.010537271      0.000000000
     3.553459424     7.206550557      0.003319482      0.000000000
     3.553459424     7.853841317      0.000796568      0.000000000
     3.553459424     8.506832843      0.000179903      0.000000000
     3.553459424     9.166232324      0.000046931      0.000000000
     3.553459424     9.832827187      0.000011808      0.000000000
     3.553459424    10.507502518      0.000001965      0.000000000
     3.553459424    11.191263275      0.000000279      0.000000000
     3.553459424    11.885263031      0.000000132      0.000000000
     3.553459424    12.590841867      0.000000218      0.000000000
     3.553459424    13.309577325      0.000000200      0.000000000
     3.553459424    14.043354475      0.000000087      0.000000000
     3.553459424    14.794464838      0.000000020      0.000000000
     3.553459424    15.565750362      0.000000003      0.000000000
     3.553459424    16.360820723      0.000000000      0.000000000
     3.553459424    17.184396135      0.000000000      0.000000000
     3.553459424    18.042878718      0.000000000      0.000000000
     3.553459424    18.945374484      0.000000000      0.000000000
     3.553459424    19.905702258      0.000000000      0.000000000
     3.553459424    20.946907526      0.000000000      0.000000000
     3.553459424    22.113746483      0.000000000      0.000000000
     3.553459424    23.523522399      0.000000000      0.000000000
     4.176228811     0.309074472      0.063139873      0.000000000
     4.176228811     0.927406866      0.063107697      0.000000000
     4.176228811     1.546291032      0.062986721      0.000000000
     4.176228811     2.166099581      0.062658447      0.000000000
     4.176228811     2.787212382      0.061781017      0.000000000
     4.176228811     3.410019700      0.059435622      0.000000000
     4.176228811     4.034925580      0.053866169      0.000000000
     4.176228811     4.662351564      0.043403490      0.000000000
     4.176228811     5.292740862      0.028979978      0.000000000
     4.176228811     5.926563084      0.015009032      0.000000000
     4.176228811     6.564319719      0.005765783      0.000000000
     4.176228811     7.206550557      0.001653021      0.000000000
     4.176228811     7.853841317      0.000396925      0.000000000
     4.176228811     8.506832843      0.000100034      0.000000000
     4.176228811     9.166232324      0.000028164      0.000000000
     4.176228811     9.832827187      0.000006568      0.000000000
     4.176228811    10.507502518      0.000000990      0.000000000
     4.176228811    11.191263275      0.000000181      0.000000000
     4.176228811    11.885263031      0.000000150      0.000000000
     4.176228811    12.590841867      0.000000231      0.000000000
     4.176228811    13.309577325      0.000000173      0.000000000
     4.176228811    14.043354475      0.000000065      0.000000000
     4.176228811    14.794464838      0.000000013      0.000000000
     4.176228811    15.565750362      0.000000002      0.000000000
     4.176228811    16.360820723      0.000000000      0.000000000
     4.176228811    17.184396135      0.000000000      0.000000000
     4.176228811    18.042878718      0.000000000      0.000000000
     4.176228811    18.945374484      0.000000000      0.000000000
     4.176228811    19.905702258      0.000000000      0.000000000
     4.176228811    20.946907526      0.000000000      0.000000000
     4.176228811    22.113746483      0.000000000      0.000000000
     4.176228811    23.523522399      0.000000000      0.000000000
     4.801625587     0.309074472      0.062435968      0.000000000
     4.801625587     0.927406866      0.062230471      0.000000000
     4.801625587     1.546291032      0.061680692      0.000000000
     4.801625587     2.166099581      0.060435261      0.000000000
     4.801625587     2.787212382      0.057725963      0.000000000
     4.801625587     3.410019700      0.052300075      0.000000000
     4.801625587     4.034925580      0.043051158      0.000000000
     4.801625587     4.662351564      0.030480828      0.000000000
     4.801625587     5.292740862      0.017529161      0.000000000
     4.801625587     5.926563084      0.007808663      0.000000000
     4.801625587     6.564319719      0.002647441      0.000000000
     4.801625587     7.206550557      0.000720647      0.000000000
     4.801625587     7.853841317      0.000185936      0.000000000
     4.801625587     8.506832843      0.000053524      0.000000000
     4.801625587     9.166232324      0.000015256      0.000000000
     4.801625587     9.832827187      0.000003117      0.000000000
     4.801625587    10.507502518      0.000000465      0.000000000
     4.801625587    11.191263275      0.000000136      0.000000000
     4.801625587    11.885263031      0.000000183      0.000000000
     4.801625587    12.590841867      0.000000229      0.000000000
     4.801625587    13.309577325      0.000000140      0.000000000
     4.801625587    14.043354475      0.000000045      0.000000000
     4.801625587    14.794464838      0.000000008      0.000000000
     4.801625587    15.565750362      0.000000001      0.000000000
     4.801625587    16.360820723      0.000000000      0.000000000
     4.801625587    17.184396135      0.000000000      0.000000000
     4.801625587    18.042878718      0.000000000      0.000000000
     4.801625587    18.945374484      0.000000000      0.000000000
     4.801625587    19.905702258      0.000000000      0.000000000
     4.801625587    20.946907526      0.000000000      0.000000000
     4.801625587    22.113746483      0.000000000      0.000000000
     4.801625587    23.523522399      0.000000000      0.000000000
     5.430071573     0.309074472      0.058983684      0.000000000
     5.430071573     0.927406866      0.058239582      0.000000000
     5.430071573     1.546291032      0.056476296      0.000000000
     5.430071573     2.166099581      0.053141978      0.000000000
     5.430071573     2.787212382      0.047490977      0.000000000
     5.430071573     3.410019700      0.039021289      0.000000000
     5.430071573     4.034925580      0.028276151      0.000000000
     5.430071573     4.662351564      0.017257111      0.000000000
     5.430071573     5.292740862      0.008500538      0.000000000
     5.430071573     5.926563084      0.003296643      0.000000000
     5.430071573     6.564319719      0.001029069      0.000000000
     5.430071573     7.206550557      0.000288518      0.000000000
     5.430071573     7.853841317      0.000085562      0.000000000
     5.430071573     8.506832843      0.000027025      0.000000000
     5.430071573     9.166232324      0.000007099      0.000000000
     5.430071573     9.832827187      0.000001255      0.000000000
     5.430071573    10.507502518      0.000000229      0.000000000
     5.430071573    11.191263275      0.000000135      0.000000000
     5.430071573    11.885263031      0.000000217      0.000000000
     5.430071573    12.590841867      0.000000208      0.000000000
     5.430071573    13.309577325      0.000000103      0.000000000
     5.430071573    14.043354475      0.000000029      0.000000000
     5.430071573    14.794464838      0.000000005      0.000000000
     5.430071573    15.565750362      0.000000000      0.000000000
     5.430071573    16.360820723      0.000000000      0.000000000
     5.430071573    17.184396135      0.000000000      0.000000000
     5.430071573    18.042878718      0.000000000      0.000000000
     5.430071573    18.945374484      0.000000000      0.000000000
     5.430071573    19.905702258      0.000000000      0.000000000
     5.430071573    20.946907526      0.000000000      0.000000000
     5.430071573    22.113746483      0.000000000      0.000000000
     5.430071573    23.523522399      0.000000000      0.000000000
     6.062022412     0.309074472      0.048311031      0.000000000
     6.062022412     0.927406866      0.046763376      0.000000000
     6.062022412     1.546291032      0.043487360      0.000000000
     6.062022412     2.166099581      0.038263486      0.000000000
     6.062022412     2.787212382      0.031114808      0.000000000
     6.062022412     3.410019700      0.022669289      0.000000000
     6.062022412     4.034925580      0.014280415      0.000000000
     6.062022412     4.662351564      0.007513899      0.000000000
     6.062022412     5.292740862      0.003227156      0.000000000
     6.062022412     5.926563084      0.001142452      0.000000000
     6.062022412     6.564319719      0.000358949      0.000000000
     6.062022412     7.206550557      0.000114183      0.000000000
     6.062022412     7.853841317      0.000038852      0.000000000
     6.062022412     8.506832843      0.000012081      0.000000000
     6.062022412     9.166232324      0.000002701      0.000000000
     6.062022412     9.832827187      0.000000466      0.000000000
     6.062022412    10.507502518      0.000000141      0.000000000
     6.062022412    11.191263275      0.000000170      0.000000000
     6.062022412    11.885263031      0.000000233      0.000000000
     6.062022412    12.590841867      0.000000170      0.000000000
     6.062022412    13.309577325      0.000000068      0.000000000
     6.062022412    14.043354475      0.000000016      0.000000000
     6.062022412    14.794464838      0.000000002      0.000000000
     6.062022412    15.565750362      0.000000000      0.000000000
     6.062022412    16.360820723      0.000000000      0.000000000
     6.062022412    17.184396135      0.000000000      0.000000000
     6.062022412    18.042878718      0.000000000      0.000000000
     6.062022412    18.945374484      0.000000000      0.000000000
     6.062022412    19.905702258      0.000000000      0.000000000
     6.062022412    20.946907526      0.000000000      0.000000000
     6.062022412    22.113746483      0.000000000      0.000000000
     6.062022412    23.523522399      0.000000000      0.000000000
     6.697969685     0.309074472      0.030101489      0.000000000
     6.697969685     0.927406866      0.028372314      0.000000000
     6.697969685     1.546291032      0.025014362      0.000000000
     6.697969685     2.166099581      0.020325460      0.000000000
     6.697969685     2.787212382      0.014902369      0.000000000
     6.697969685     3.410019700      0.009610438      0.000000000
     6.697969685     4.034925580      0.005314807      0.000000000
     6.697969685     4.662351564      0.002479626      0.000000000
     6.697969685     5.292740862      0.000984551      0.000000000
     6.697969685     5.926563084      0.000351641      0.000000000
     6.697969685     6.564319719      0.000124603      0.000000000
     6.697969685     7.206550557      0.000046197      0.000000000
     6.697969685     7.853841317      0.000016200      0.000000000
     6.697969685     8.506832843      0.000004384      0.000000000
     6.697969685     9.166232324      0.000000855      0.000000000
     6.697969685     9.832827187      0.000000198      0.000000000
     6.697969685    10.507502518      0.000000136      0.000000000
     6.697969685    11.191263275      0.000000215      0.000000000
     6.697969685    11.885263031      0.000000217      0.000000000
     6.697969685    12.590841867      0.000000121      0.000000000
     6.697969685    13.309577325      0.000000040      0.000000000
     6.697969685    14.043354475      0.000000008      0.000000000
     6.697969685    14.794464838      0.000000001      0.000000000
     6.697969685    15.565750362      0.000000000      0.000000000
     6.697969685    16.360820723      0.000000000      0.000000000
     6.697969685    17.184396135      0.000000000      0.000000000
     6.697969685    18.042878718      0.000000000      0.000000000
     6.697969685    18.945374484      0.000000000      0.000000000
     6.697969685    19.905702258      0.000000000      0.000000000
     6.697969685    20.946907526      0.000000000      0.000000000
     6.697969685    22.113746483      0.000000000      0.000000000
     6.697969685    23.523522399      0.000000000      0.000000000
     7.338445676     0.309074472      0.012907641      0.000000000
     7.338445676     0.927406866      0.011840141      0.000000000
     7.338445676     1.546291032      0.009899787      0.000000000
     7.338445676     2.166099581      0.007457096      0.000000000
     7.338445676     2.787212382      0.004984219      0.000000000
     7.338445676     3.410019700      0.002912516      0.000000000
     7.338445676     4.034925580      0.001477723      0.000000000
     7.338445676     4.662351564      0.000659832      0.000000000
     7.338445676     5.292740862      0.000271540      0.000000000
     7.338445676     5.926563084      0.000110263      0.000000000
     7.338445676     6.564319719      0.000045480      0.000000000
     7.338445676     7.206550557      0.000017623      0.000000000
     7.338445676     7.853841317      0.000005479      0.000000000
     7.338445676     8.506832843      0.000001246      0.000000000
     7.338445676     9.166232324      0.000000279      0.000000000
     7.338445676     9.832827187      0.000000130      0.000000000
     7.338445676    10.507502518      0.000000183      0.000000000
     7.338445676    11.191263275      0.000000233      0.000000000
     7.338445676    11.885263031      0.000000171      0.000000000
     7.338445676    12.590841867      0.000000075      0.000000000
     7.338445676    13.309577325      0.000000021      0.000000000
     7.338445676    14.043354475      0.000000004      0.000000000
     7.338445676    14.794464838      0.000000000      0.000000000
     7.338445676    15.565750362      0.000000000      0.000000000
     7.338445676    16.360820723      0.000000000      0.000000000
     7.338445676    17.184396135      0.000000000      0.000000000
     7.338445676    18.042878718      0.000000000      0.000000000
     7.338445676    18.945374484      0.000000000      0.000000000
     7.338445676    19.905702258      0.000000000      0.000000000
     7.338445676    20.946907526      0.000000000      0.000000000
     7.338445676    22.113746483      0.000000000      0.000000000
     7.338445676    23.523522399      0.000000000      0.000000000
     7.984030099     0.309074472      0.003673805      0.000000000
     7.984030099     0.927406866      0.003299347      0.000000000
     7.984030099     1.546291032      0.002651894      0.000000000
     7.984030099     2.166099581      0.001897767      0.000000000
     7.984030099     2.787212382      0.001204912      0.000000000
     7.984030099     3.410019700      0.000681371      0.000000000
     7.984030099     4.034925580      0.000349725      0.000000000
     7.984030099     4.662351564      0.000169055      0.000000000
     7.984030099     5.292740862      0.000080016      0.000000000
     7.984030099     5.926563084      0.000037080      0.000000000
     7.984030099     6.564319719      0.000015677      0.000000000
     7.984030099     7.206550557      0.000005377      0.000000000
     7.984030099     7.853841317      0.000001395      0.000000000
     7.984030099     8.506832843      0.000000338      0.000000000
     7.984030099     9.166232324      0.000000138      0.000000000
     7.984030099     9.832827187      0.000000160      0.000000000
     7.984030099    10.507502518      0.000000228      0.000000000
     7.984030099    11.191263275      0.000000204      0.000000000
     7.984030099    11.885263031      0.000000112      0.000000000
     7.984030099    12.590841867      0.000000039      0.000000000
     7.984030099    13.309577325      0.000000009      0.000000000
     7.984030099    14.043354475      0.000000001      0.000000000
     7.984030099    14.794464838      0.000000000      0.000000000
     7.984030099    15.565750362      0.000000000      0.000000000
     7.984030099    16.360820723      0.000000000      0.000000000
     7.984030099    17.184396135      0.000000000      0.000000000
     7.984030099    18.042878718      0.000000000      0.000000000
     7.984030099    18.945374484      0.000000000      0.000000000
     7.984030099    19.905702258      0.000000000      0.000000000
     7.984030099    20.946907526      0.000000000      0.000000000
     7.984030099    22.113746483      0.000000000      0.000000000
     7.984030099    23.523522399      0.000000000      0.000000000
     8.635358776     0.309074472      0.000755851      0.000000000
     8.635358776     0.927406866      0.000675661      0.000000000
     8.635358776     1.546291032      0.000540702      0.000000000
     8.635358776     2.166099581      0.000389247      0.000000000
     8.635358776     2.787212382      0.000254845      0.000000000
     8.635358776     3.410019700      0.000154557      0.000000000
     8.635358776     4.034925580      0.000088714      0.000000000
     8.635358776     4.662351564      0.000048682      0.000000000
     8.635358776     5.292740862      0.000024995      0.000000000
     8.635358776     5.926563084      0.000011291      0.000000000
     8.635358776     6.564319719      0.000004140      0.000000000
     8.635358776     7.206550557      0.000001197      0.000000000
     8.635358776     7.853841317      0.000000333      0.000000000
     8.635358776     8.506832843      0.000000142      0.000000000
     8.635358776     9.166232324      0.000000150      0.000000000
     8.635358776     9.832827187      0.000000219      0.000000000
     8.635358776    10.507502518      0.000000221      0.000000000
     8.635358776    11.191263275      0.000000142      0.000000000
     8.635358776    11.885263031      0.000000061      0.000000000
     8.635358776    12.590841867      0.000000017      0.000000000
     8.635358776    13.309577325      0.000000003      0.000000000
     8.635358776    14.043354475      0.000000000      0.000000000
     8.635358776    14.794464838      0.000000000      0.000000000
     8.635358776    15.565750362      0.000000000      0.000000000
     8.635358776    16.360820723      0.000000000      0.000000000
     8.635358776    17.184396135      0.000000000      0.000000000
     8.635358776    18.042878718      0.000000000      0.000000000
     8.635358776    18.945374484      0.000000000      0.000000000
     8.635358776    19.905702258      0.000000000      0.000000000
     8.635358776    20.946907526      0.000000000      0.000000000
     8.635358776    22.113746483      0.000000000      0.000000000
     8.635358776    23.523522399      0.000000000      0.000000000
     9.293134539     0.309074472      0.000149557      0.000000000
     9.293134539     0.927406866      0.000136119      0.000000000
     9.293134539     1.546291032      0.000113193      0.000000000
     9.293134539     2.166099581      0.000086627      0.000000000
     9.293134539     2.787212382      0.000061517      0.000000000
     9.293134539     3.410019700      0.000040681      0.000000000
     9.293134539     4.034925580      0.000024823      0.000000000
     9.293134539     4.662351564      0.000013583      0.000000000
     9.293134539     5.292740862      0.000006365      0.000000000
     9.293134539     5.926563084      0.000002446      0.000000000
     9.293134539     6.564319719      0.000000791      0.000000000
     9.293134539     7.206550557      0.000000267      0.000000000
     9.293134539     7.853841317      0.000000137      0.000000000
     9.293134539     8.506832843      0.000000151      0.000000000
     9.293134539     9.166232324      0.000000216      0.000000000
     9.293134539     9.832827187      0.000000227      0.000000000
     9.293134539    10.507502518      0.000000161      0.000000000
     9.293134539    11.191263275      0.000000078      0.000000000
     9.293134539    11.885263031      0.000000027      0.000000000
     9.293134539    12.590841867      0.000000006      0.000000000
     9.293134539    13.309577325      0.000000001      0.000000000
     9.293134539    14.043354475      0.000000000      0.000000000
     9.293134539    14.794464838      0.000000000      0.000000000
     9.293134539    15.565750362      0.000000000      0.000000000
     9.293134539    16.360820723      0.000000000      0.000000000
     9.293134539    17.184396135      0.000000000      0.000000000
     9.293134539    18.042878718      0.000000000      0.000000000
     9.293134539    18.945374484      0.000000000      0.000000000
     9.293134539    19.905702258      0.000000000      0.000000000
     9.293134539    20.946907526      0.000000000      0.000000000
     9.293134539    22.113746483      0.000000000      0.000000000
     9.293134539    23.523522399      0.000000000      0.000000000
     9.958140905     0.309074472      0.000035579      0.000000000
     9.958140905     0.927406866      0.000032813      0.000000000
     9.958140905     1.546291032      0.000027886      0.000000000
     9.958140905     2.166099581      0.000021773      0.000000000
     9.958140905     2.787212382      0.000015498      0.000000000
     9.958140905     3.410019700      0.000009901      0.000000000
     9.958140905     4.034925580      0.000005542      0.000000000
     9.958140905     4.662351564      0.000002652      0.000000000
     9.958140905     5.292740862      0.000001088      0.000000000
     9.958140905     5.926563084      0.000000419      0.000000000
     9.958140905     6.564319719      0.000000187      0.000000000
     9.958140905     7.206550557      0.000000130      0.000000000
     9.958140905     7.853841317      0.000000163      0.000000000
     9.958140905     8.506832843      0.000000220      0.000000000
     9.958140905     9.166232324      0.000000226      0.000000000
     9.958140905     9.832827187      0.000000166      0.000000000
     9.958140905    10.507502518      0.000000088      0.000000000
     9.958140905    11.191263275      0.000000034      0.000000000
     9.958140905    11.885263031      0.000000010      0.000000000
     9.958140905    12.590841867      0.000000002      0.000000000
     9.958140905    13.309577325      0.000000000      0.000000000
     9.958140905    14.043354475      0.000000000      0.000000000
     9.958140905    14.794464838      0.000000000      0.000000000
     9.958140905    15.565750362      0.000000000      0.000000000
     9.958140905    16.360820723      0.000000000      0.000000000
     9.958140905    17.184396135      0.000000000      0.000000000
     9.958140905    18.042878718      0.000000000      0.000000000
     9.958140905    18.945374484      0.000000000      0.000000000
     9.958140905    19.905702258      0.000000000      0.000000000
     9.958140905    20.946907526      0.000000000      0.000000000
     9.958140905    22.113746483      0.000000000      0.000000000
     9.958140905    23.523522399      0.000000000      0.000000000
    10.631259357     0.309074472      0.000007461      0.000000000
    10.631259357     0.927406866      0.000006778      0.000000000
    10.631259357     1.546291032      0.000005571      0.000000000
    10.631259357     2.166099581      0.000004110      0.000000000
    10.631259357     2.787212382      0.000002695      0.000000000
    10.631259357     3.410019700      0.000001561      0.000000000
    10.631259357     4.034925580      0.000000808      0.000000000
    10.631259357     4.662351564      0.000000396      0.000000000
    10.631259357     5.292740862      0.000000206      0.000000000
    10.631259357     5.926563084      0.000000136      0.000000000
    10.631259357     6.564319719      0.000000139      0.000000000
    10.631259357     7.206550557      0.000000187      0.000000000
    10.631259357     7.853841317      0.000000229      0.000000000
    10.631259357     8.506832843      0.000000219      0.000000000
    10.631259357     9.166232324      0.000000159      0.000000000
    10.631259357     9.832827187      0.000000087      0.000000000
    10.631259357    10.507502518      0.000000036      0.000000000
    10.631259357    11.191263275      0.000000011      0.000000000
    10.631259357    11.885263031      0.000000003      0.000000000
    10.631259357    12.590841867      0.000000000      0.000000000
    10.631259357    13.309577325      0.000000000      0.000000000
    10.631259357    14.043354475      0.000000000      0.000000000
    10.631259357    14.794464838      0.000000000      0.000000000
    10.631259357    15.565750362      0.000000000      0.000000000
    10.631259357    16.360820723      0.000000000      0.000000000
    10.631259357    17.184396135      0.000000000      0.000000000
    10.631259357    18.042878718      0.000000000      0.000000000
    10.631259357    18.945374484      0.000000000      0.000000000
    10.631259357    19.905702258      0.000000000      0.000000000
    10.631259357    20.946907526      0.000000000      0.000000000
    10.631259357    22.113746483      0.000000000      0.000000000
    10.631259357    23.523522399      0.000000000      0.000000000
    11.313491436     0.309074472      0.000000956      0.000000000
    11.313491436     0.927406866      0.000000859      0.000000000
    11.313491436     1.546291032      0.000000696      0.000000000
    11.313491436     2.166099581      0.000000513      0.000000000
    11.313491436     2.787212382      0.000000352      0.000000000
    11.313491436     3.410019700      0.000000235      0.000000000
    11.313491436     4.034925580      0.000000163      0.000000000
    11.313491436     4.662351564      0.000000132      0.000000000
    11.313491436     5.292740862      0.000000138      0.000000000
    11.313491436     5.926563084      0.000000175      0.000000000
    11.313491436     6.564319719      0.000000218      0.000000000
    11.313491436     7.206550557      0.000000231      0.000000000
    11.313491436     7.853841317      0.000000200      0.000000000
    11.313491436     8.506832843      0.000000139      0.000000000
    11.313491436     9.166232324      0.000000076      0.000000000
    11.313491436     9.832827187      0.000000033      0.000000000
    11.313491436    10.507502518      0.000000011      0.000000000
    11.313491436    11.191263275      0.000000003      0.000000000
    11.313491436    11.885263031      0.000000001      0.000000000
    11.313491436    12.590841867      0.000000000      0.000000000
    11.313491436    13.309577325      0.000000000      0.000000000
    11.313491436    14.043354475      0.000000000      0.000000000
    11.313491436    14.794464838      0.000000000      0.000000000
    11.313491436    15.565750362      0.000000000      0.000000000
    11.313491436    16.360820723      0.000000000      0.000000000
    11.313491436    17.184396135      0.000000000      0.000000000
    11.313491436    18.042878718      0.000000000      0.000000000
    11.313491436    18.945374484      0.000000000      0.000000000
    11.313491436    19.905702258      0.000000000      0.000000000
    11.313491436    20.946907526      0.000000000      0.000000000
    11.313491436    22.113746483      0.000000000      0.000000000
    11.313491436    23.523522399      0.000000000      0.000000000
    12.005987394     0.309074472      0.000000162      0.000000000
    12.005987394     0.927406866      0.000000155      0.000000000
    12.005987394     1.546291032      0.000000144      0.000000000
    12.005987394     2.166099581      0.000000133      0.000000000
    12.005987394     2.787212382      0.000000130      0.000000000
    12.005987394     3.410019700      0.000000138      0.000000000
    12.005987394     4.034925580      0.000000160      0.000000000
    12.005987394     4.662351564      0.000000192      0.000000000
    12.005987394     5.292740862      0.000000222      0.000000000
    12.005987394     5.926563084      0.000000232      0.000000000
    12.005987394     6.564319719      0.000000211      0.000000000
    12.005987394     7.206550557      0.000000164      0.000000000
    12.005987394     7.853841317      0.000000107      0.000000000
    12.005987394     8.506832843      0.000000058      0.000000000
    12.005987394     9.166232324      0.000000026      0.000000000
    12.005987394     9.832827187      0.000000009      0.000000000
    12.005987394    10.507502518      0.000000003      0.000000000
    12.005987394    11.191263275      0.000000001      0.000000000
    12.005987394    11.885263031      0.000000000      0.000000000
    12.005987394    12.590841867      0.000000000      0.000000000
    12.005987394    13.309577325      0.000000000      0.000000000
    12.005987394    14.043354475      0.000000000      0.000000000
    12.005987394    14.794464838      0.000000000      0.000000000
    12.005987394    15.565750362      0.000000000      0.000000000
    12.005987394    16.360820723      0.000000000      0.000000000
    12.005987394    17.184396135      0.000000000      0.000000000
    12.005987394    18.042878718      0.000000000      0.000000000
    12.005987394    18.945374484      0.000000000      0.000000000
    12.005987394    19.905702258      0.000000000      0.000000000
    12.005987394    20.946907526      0.000000000      0.000000000
    12.005987394    22.113746483      0.000000000      0.000000000
    12.005987394    23.523522399      0.000000000      0.000000000
    12.710083993     0.309074472      0.000000167      0.000000000
    12.710083993     0.927406866      0.000000171      0.000000000
    12.710083993     1.546291032      0.000000180      0.000000000
    12.710083993     2.166099581      0.000000194      0.000000000
    12.710083993     2.787212382      0.000000210      0.000000000
    12.710083993     3.410019700      0.000000225      0.000000000
    12.710083993     4.034925580      0.000000232      0.000000000
    12.710083993     4.662351564      0.000000226      0.000000000
    12.710083993     5.292740862      0.000000201      0.000000000
    12.710083993     5.926563084      0.000000161      0.000000000
    12.710083993     6.564319719      0.000000114      0.000000000
    12.710083993     7.206550557      0.000000070      0.000000000
    12.710083993     7.853841317      0.000000037      0.000000000
    12.710083993     8.506832843      0.000000016      0.000000000
    12.710083993     9.166232324      0.000000006      0.000000000
    12.710083993     9.832827187      0.000000002      0.000000000
    12.710083993    10.507502518      0.000000000      0.000000000
    12.710083993    11.191263275      0.000000000      0.000000000
    12.710083993    11.885263031      0.000000000      0.000000000
    12.710083993    12.590841867      0.000000000      0.000000000
    12.710083993    13.309577325      0.000000000      0.000000000
    12.710083993    14.043354475      0.000000000      0.000000000
    12.710083993    14.794464838      0.000000000      0.000000000
    12.710083993    15.565750362      0.000000000      0.000000000
    12.710083993    16.360820723      0.000000000      0.000000000
    12.710083993    17.184396135      0.000000000      0.000000000
    12.710083993    18.042878718      0.000000000      0.000000000
    12.710083993    18.945374484      0.000000000      0.000000000
    12.710083993    19.905702258      0.000000000      0.000000000
    12.710083993    20.946907526      0.000000000      0.000000000
    12.710083993    22.113746483      0.000000000      0.000000000
    12.710083993    23.523522399      0.000000000      0.000000000
    13.427355368     0.309074472      0.000000231      0.000000000
    13.427355368     0.927406866      0.000000230      0.000000000
    13.427355368     1.546291032      0.000000226      0.000000000
    13.427355368     2.166099581      0.000000220      0.000000000
    13.427355368     2.787212382      0.000000208      0.000000000
    13.427355368     3.410019700      0.000000188      0.000000000
    13.427355368     4.034925580      0.000000161      0.000000000
    13.427355368     4.662351564      0.000000129      0.000000000
    13.427355368     5.292740862      0.000000094      0.000000000
    13.427355368     5.926563084      0.000000062      0.000000000
    13.427355368     6.564319719      0.000000036      0.000000000
    13.427355368     7.206550557      0.000000019      0.000000000
    13.427355368     7.853841317      0.000000008      0.000000000
    13.427355368     8.506832843      0.000000003      0.000000000
    13.427355368     9.166232324      0.000000001      0.000000000
    13.427355368     9.832827187      0.000000000      0.000000000
    13.427355368    10.507502518      0.000000000      0.000000000
    13.427355368    11.191263275      0.000000000      0.000000000
    13.427355368    11.885263031      0.000000000      0.000000000
    13.427355368    12.590841867      0.000000000      0.000000000
    13.427355368    13.309577325      0.000000000      0.000000000
    13.427355368    14.043354475      0.000000000      0.000000000
    13.427355368    14.794464838      0.000000000      0.000000000
    13.427355368    15.565750362      0.000000000      0.000000000
    13.427355368    16.360820723      0.000000000      0.000000000
    13.427355368    17.184396135      0.000000000      0.000000000
    13.427355368    18.042878718      0.000000000      0.000000000
    13.427355368    18.945374484      0.000000000      0.000000000
    13.427355368    19.905702258      0.000000000      0.000000000
    13.427355368    20.946907526      0.000000000      0.000000000
    13.427355368    22.113746483      0.000000000      0.000000000
    13.427355368    23.523522399      0.000000000      0.000000000
    14.159682984     0.309074472      0.000000137      0.000000000
    14.159682984     0.927406866      0.000000133      0.000000000
    14.159682984     1.546291032      0.000000124      0.000000000
    14.159682984     2.166099581      0.000000110      0.000000000
    14.159682984     2.787212382      0.000000094      0.000000000
    14.159682984     3.410019700      0.000000076      0.000000000
    14.159682984     4.034925580      0.000000057      0.000000000
    14.159682984     4.662351564      0.000000039      0.000000000
    14.159682984     5.292740862      0.000000025      0.000000000
    14.159682984     5.926563084      0.000000014      0.000000000
    14.159682984     6.564319719      0.000000007      0.000000000
    14.159682984     7.206550557      0.000000003      0.000000000
    14.159682984     7.853841317      0.000000001      0.000000000
    14.159682984     8.506832843      0.000000000      0.000000000
    14.159682984     9.166232324      0.000000000      0.000000000
    14.159682984     9.832827187      0.000000000      0.000000000
    14.159682984    10.507502518      0.000000000      0.000000000
    14.159682984    11.191263275      0.000000000      0.000000000
    14.159682984    11.885263031      0.000000000      0.000000000
    14.159682984    12.590841867      0.000000000      0.000000000
    14.159682984    13.309577325      0.000000000      0.000000000
    14.159682984    14.043354475      0.000000000      0.000000000
    14.159682984    14.794464838      0.000000000      0.000000000
    14.159682984    15.565750362      0.000000000      0.000000000
    14.159682984    16.360820723      0.000000000      0.000000000
    14.159682984    17.184396135      0.000000000      0.000000000
    14.159682984    18.042878718      0.000000000      0.000000000
    14.159682984    18.945374484      0.000000000      0.000000000
    14.159682984    19.905702258      0.000000000      0.000000000
    14.159682984    20.946907526      0.000000000      0.000000000
    14.159682984    22.113746483      0.000000000      0.000000000
    14.159682984    23.523522399      0.000000000      0.000000000
    14.909354429     0.309074472      0.000000039      0.000000000
    14.909354429     0.927406866      0.000000037      0.000000000
    14.909354429     1.546291032      0.000000033      0.000000000
    14.909354429     2.166099581      0.000000028      0.000000000
    14.909354429     2.787212382      0.000000022      0.000000000
    14.909354429     3.410019700      0.000000016      0.000000000
    14.909354429     4.034925580      0.000000011      0.000000000
    14.909354429     4.662351564      0.000000007      0.000000000
    14.909354429     5.292740862      0.000000004      0.000000000
    14.909354429     5.926563084      0.000000002      0.000000000
    14.909354429     6.564319719      0.000000001      0.000000000
    14.909354429     7.206550557      0.000000000      0.000000000
    14.909354429     7.853841317      0.000000000      0.000000000
    14.909354429     8.506832843      0.000000000      0.000000000
    14.909354429     9.166232324      0.000000000      0.000000000
    14.909354429     9.832827187      0.000000000      0.000000000
    14.909354429    10.507502518      0.000000000      0.000000000
    14.909354429    11.191263275      0.000000000      0.000000000
    14.909354429    11.885263031      0.000000000      0.000000000
    14.909354429    12.590841867      0.000000000      0.000000000
    14.909354429    13.309577325      0.000000000      0.000000000
    14.909354429    14.043354475      0.000000000      0.000000000
    14.909354429    14.794464838      0.000000000      0.000000000
    14.909354429    15.565750362      0.000000000      0.000000000
    14.909354429    16.360820723      0.000000000      0.000000000
    14.909354429    17.184396135      0.000000000      0.000000000
    14.909354429    18.042878718      0.000000000      0.000000000
    14.909354429    18.945374484      0.000000000      0.000000000
    14.909354429    19.905702258      0.000000000      0.000000000
    14.909354429    20.946907526      0.000000000      0.000000000
    14.909354429    22.113746483      0.000000000      0.000000000
    14.909354429    23.523522399      0.000000000      0.000000000
    15.679207199     0.309074472      0.000000006      0.000000000
    15.679207199     0.927406866      0.000000005      0.000000000
    15.679207199     1.546291032      0.000000005      0.000000000
    15.679207199     2.166099581      0.000000004      0.000000000
    15.679207199     2.787212382      0.000000003      0.000000000
    15.679207199     3.410019700      0.000000002      0.000000000
    15.679207199     4.034925580      0.000000001      0.000000000
    15.679207199     4.662351564      0.000000001      0.000000000
    15.679207199     5.292740862      0.000000000      0.000000000
    15.679207199     5.926563084      0.000000000      0.000000000
    15.679207199     6.564319719      0.000000000      0.000000000
    15.679207199     7.206550557      0.000000000      0.000000000
    15.679207199     7.853841317      0.000000000      0.000000000
    15.679207199     8.506832843      0.000000000      0.000000000
    15.679207199     9.166232324      0.000000000      0.000000000
    15.679207199     9.832827187      0.000000000      0.000000000
    15.679207199    10.507502518      0.000000000      0.000000000
    15.679207199    11.191263275      0.000000000      0.000000000
    15.679207199    11.885263031      0.000000000      0.000000000
    15.679207199    12.590841867      0.000000000      0.000000000
    15.679207199    13.309577325      0.000000000      0.000000000
    15.679207199    14.043354475      0.000000000      0.000000000
    15.679207199    14.794464838      0.000000000      0.000000000
    15.679207199    15.565750362      0.000000000      0.000000000
    15.679207199    16.360820723      0.000000000      0.000000000
    15.679207199    17.184396135      0.000000000      0.000000000
    15.679207199    18.042878718      0.000000000      0.000000000
    15.679207199    18.945374484      0.000000000      0.000000000
    15.679207199    19.905702258      0.000000000      0.000000000
    15.679207199    20.946907526      0.000000000      0.000000000
    15.679207199    22.113746483      0.000000000      0.000000000
    15.679207199    23.523522399      0.000000000      0.000000000
    16.472845733     0.309074472      0.000000000      0.000000000
    16.472845733     0.927406866      0.000000000      0.000000000
    16.472845733     1.546291032      0.000000000      0.000000000
    16.472845733     2.166099581      0.000000000      0.000000000
    16.472845733     2.787212382      0.000000000      0.000000000
    16.472845733     3.410019700      0.000000000      0.000000000
    16.472845733     4.034925580      0.000000000      0.000000000
    16.472845733     4.662351564      0.000000000      0.000000000
    16.472845733     5.292740862      0.000000000      0.000000000
    16.472845733     5.926563084      0.000000000      0.000000000
    16.472845733     6.564319719      0.000000000      0.000000000
    16.472845733     7.206550557      0.000000000      0.000000000
    16.472845733     7.853841317      0.000000000      0.000000000
    16.472845733     8.506832843      0.000000000      0.000000000
    16.472845733     9.166232324      0.000000000      0.000000000
    16.472845733     9.832827187      0.000000000      0.000000000
    16.472845733    10.507502518      0.000000000      0.000000000
    16.472845733    11.191263275      0.000000000      0.000000000
    16.472845733    11.885263031      0.000000000      0.000000000
    16.472845733    12.590841867      0.000000000      0.000000000
    16.472845733    13.309577325      0.000000000      0.000000000
    16.472845733    14.043354475      0.000000000      0.000000000
    16.472845733    14.794464838      0.000000000      0.000000000
    16.472845733    15.565750362      0.000000000      0.000000000
    16.472845733    16.360820723      0.000000000      0.000000000
    16.472845733    17.184396135      0.000000000      0.000000000
    16.472845733    18.042878718      0.000000000      0.000000000
    16.472845733    18.945374484      0.000000000      0.000000000
    16.472845733    19.905702258      0.000000000      0.000000000
    16.472845733    20.946907526      0.000000000      0.000000000
    16.472845733    22.113746483      0.000000000      0.000000000
    16.472845733    23.523522399      0.000000000      0.000000000
    17.294983810     0.309074472      0.000000000      0.000000000
    17.294983810     0.927406866      0.000000000      0.000000000
    17.294983810     1.546291032      0.000000000      0.000000000
    17.294983810     2.166099581      0.000000000      0.000000000
    17.294983810     2.787212382      0.000000000      0.000000000
    17.294983810     3.410019700      0.000000000      0.000000000
    17.294983810     4.034925580      0.000000000      0.000000000
    17.294983810     4.662351564      0.000000000      0.000000000
    17.294983810     5.292740862      0.000000000      0.000000000
    17.294983810     5.926563084      0.000000000      0.000000000
    17.294983810     6.564319719      0.000000000      0.000000000
    17.294983810     7.206550557      0.000000000      0.000000000
    17.294983810     7.853841317      0.000000000      0.000000000
    17.294983810     8.506832843      0.000000000      0.000000000
    17.294983810     9.166232324      0.000000000      0.000000000
    17.294983810     9.832827187      0.000000000      0.000000000
    17.294983810    10.507502518      0.000000000      0.000000000
    17.294983810    11.191263275      0.000000000      0.000000000
    17.294983810    11.885263031      0.000000000      0.000000000
    17.294983810    12.590841867      0.000000000      0.000000000
    17.294983810    13.309577325      0.000000000      0.000000000
    17.294983810    14.043354475      0.000000000      0.000000000
    17.294983810    14.794464838      0.000000000      0.000000000
    17.294983810    15.565750362      0.000000000      0.000000000
    17.294983810    16.360820723      0.000000000      0.000000000
    17.294983810    17.184396135      0.000000000      0.000000000
    17.294983810    18.042878718      0.000000000      0.000000000
    17.294983810    18.945374484      0.000000000      0.000000000
    17.294983810    19.905702258      0.000000000      0.000000000
    17.294983810    20.946907526      0.000000000      0.000000000
    17.294983810    22.113746483      0.000000000      0.000000000
    17.294983810    23.523522399      0.000000000      0.000000000
    18.152015221     0.309074472      0.000000000      0.000000000
    18.152015221     0.927406866      0.000000000      0.000000000
    18.152015221     1.546291032      0.000000000      0.000000000
    18.152015221     2.166099581      0.000000000      0.000000000
    18.152015221     2.787212382      0.000000000      0.000000000
    18.152015221     3.410019700      0.000000000      0.000000000
    18.152015221     4.034925580      0.000000000      0.000000000
    18.152015221     4.662351564      0.000000000      0.000000000
    18.152015221     5.292740862      0.000000000      0.000000000
    18.152015221     5.926563084      0.000000000      0.000000000
    18.152015221     6.564319719      0.000000000      0.000000000
    18.152015221     7.206550557      0.000000000      0.000000000
    18.152015221     7.853841317      0.000000000      0.000000000
    18.152015221     8.506832843      0.000000000      0.000000000
    18.152015221     9.166232324      0.000000000      0.000000000
    18.152015221     9.832827187      0.000000000      0.000000000
    18.152015221    10.507502518      0.000000000      0.000000000
    18.152015221    11.191263275      0.000000000      0.000000000
    18.152015221    11.885263031      0.000000000      0.000000000
    18.152015221    12.590841867      0.000000000      0.000000000
    18.152015221    13.309577325      0.000000000      0.000000000
    18.152015221    14.043354475      0.000000000      0.000000000
    18.152015221    14.794464838      0.000000000      0.000000000
    18.152015221    15.565750362      0.000000000      0.000000000
    18.152015221    16.360820723      0.000000000      0.000000000
    18.152015221    17.184396135      0.000000000      0.000000000
    18.152015221    18.042878718      0.000000000      0.000000000
    18.152015221    18.945374484      0.000000000      0.000000000
    18.152015221    19.905702258      0.000000000      0.000000000
    18.152015221    20.946907526      0.000000000      0.000000000
    18.152015221    22.113746483      0.000000000      0.000000000
    18.152015221    23.523522399      0.000000000      0.000000000
    19.053034529     0.309074472      0.000000000      0.000000000
    19.053034529     0.927406866      0.000000000      0.000000000
    19.053034529     1.546291032      0.000000000      0.000000000
    19.053034529     2.166099581      0.000000000      0.000000000
    19.053034529     2.787212382      0.000000000      0.000000000
    19.053034529     3.410019700      0.000000000      0.000000000
    19.053034529     4.034925580      0.000000000      0.000000000
    19.053034529     4.662351564      0.000000000      0.000000000
    19.053034529     5.292740862      0.000000000      0.000000000
    19.053034529     5.926563084      0.000000000      0.000000000
    19.053034529     6.564319719      0.000000000      0.000000000
    19.053034529     7.206550557      0.000000000      0.000000000
    19.053034529     7.853841317      0.000000000      0.000000000
    19.053034529     8.506832843      0.000000000      0.000000000
    19.053034529     9.166232324      0.000000000      0.000000000
    19.053034529     9.832827187      0.000000000      0.000000000
    19.053034529    10.507502518      0.000000000      0.000000000
    19.053034529    11.191263275      0.000000000      0.000000000
    19.053034529    11.885263031      0.000000000      0.000000000
    19.053034529    12.590841867      0.000000000      0.000000000
    19.053034529    13.309577325      0.000000000      0.000000000
    19.053034529    14.043354475      0.000000000      0.000000000
    19.053034529    14.794464838      0.000000000      0.000000000
    19.053034529    15.565750362      0.000000000      0.000000000
    19.053034529    16.360820723      0.000000000      0.000000000
    19.053034529    17.184396135      0.000000000      0.000000000
    19.053034529    18.042878718      0.000000000      0.000000000
    19.053034529    18.945374484      0.000000000      0.000000000
    19.053034529    19.905702258      0.000000000      0.000000000
    19.053034529    20.946907526      0.000000000      0.000000000
    19.053034529    22.113746483      0.000000000      0.000000000
    19.053034529    23.523522399      0.000000000      0.000000000
    20.011843556     0.309074472      0.000000000      0.000000000
    20.011843556     0.927406866      0.000000000      0.000000000
    20.011843556     1.546291032      0.000000000      0.000000000
    20.011843556     2.166099581      0.000000000      0.000000000
    20.011843556     2.787212382      0.000000000      0.000000000
    20.011843556     3.410019700      0.000000000      0.000000000
    20.011843556     4.034925580      0.000000000      0.000000000
    20.011843556     4.662351564      0.000000000      0.000000000
    20.011843556     5.292740862      0.000000000      0.000000000
    20.011843556     5.926563084      0.000000000      0.000000000
    20.011843556     6.564319719      0.000000000      0.000000000
    20.011843556     7.206550557      0.000000000      0.000000000
    20.011843556     7.853841317      0.000000000      0.000000000
    20.011843556     8.506832843      0.000000000      0.000000000
    20.011843556     9.166232324      0.000000000      0.000000000
    20.011843556     9.832827187      0.000000000      0.000000000
    20.011843556    10.507502518      0.000000000      0.000000000
    20.011843556    11.191263275      0.000000000      0.000000000
    20.011843556    11.885263031      0.000000000      0.000000000
    20.011843556    12.590841867      0.000000000      0.000000000
    20.011843556    13.309577325      0.000000000      0.000000000
    20.011843556    14.043354475      0.000000000      0.000000000
    20.011843556    14.794464838      0.000000000      0.000000000
    20.011843556    15.565750362      0.000000000      0.000000000
    20.011843556    16.360820723      0.000000000      0.000000000
    20.011843556    17.184396135      0.000000000      0.000000000
    20.011843556    18.042878718      0.000000000      0.000000000
    20.011843556    18.945374484      0.000000000      0.000000000
    20.011843556    19.905702258      0.000000000      0.000000000
    20.011843556    20.946907526      0.000000000      0.000000000
    20.011843556    22.113746483      0.000000000      0.000000000
    20.011843556    23.523522399      0.000000000      0.000000000
    21.051459732     0.309074472      0.000000000      0.000000000
    21.051459732     0.927406866      0.000000000      0.000000000
    21.051459732     1.546291032      0.000000000      0.000000000
    21.051459732     2.166099581      0.000000000      0.000000000
    21.051459732     2.787212382      0.000000000      0.000000000
    21.051459732     3.410019700      0.000000000      0.000000000
    21.051459732     4.034925580      0.000000000      0.000000000
    21.051459732     4.662351564      0.000000000      0.000000000
    21.051459732     5.292740862      0.000000000      0.000000000
    21.051459732     5.926563084      0.000000000      0.000000000
    21.051459732     6.564319719      0.000000000      0.000000000
    21.051459732     7.206550557      0.000000000      0.000000000
    21.051459732     7.853841317      0.000000000      0.000000000
    21.051459732     8.506832843      0.000000000      0.000000000
    21.051459732     9.166232324      0.000000000      0.000000000
    21.051459732     9.832827187      0.000000000      0.000000000
    21.051459732    10.507502518      0.000000000      0.000000000
    21.051459732    11.191263275      0.000000000      0.000000000
    21.051459732    11.885263031      0.000000000      0.000000000
    21.051459732    12.590841867      0.000000000      0.000000000
    21.051459732    13.309577325      0.000000000      0.000000000
    21.051459732    14.043354475      0.000000000      0.000000000
    21.051459732    14.794464838      0.000000000      0.000000000
    21.051459732    15.565750362      0.000000000      0.000000000
    21.051459732    16.360820723      0.000000000      0.000000000
    21.051459732    17.184396135      0.000000000      0.000000000
    21.051459732    18.042878718      0.000000000      0.000000000
    21.051459732    18.945374484      0.000000000      0.000000000
    21.051459732    19.905702258      0.000000000      0.000000000
    21.051459732    20.946907526      0.000000000      0.000000000
    21.051459732    22.113746483      0.000000000      0.000000000
    21.051459732    23.523522399      0.000000000      0.000000000
    22.216584821     0.309074472      0.000000000      0.000000000
    22.216584821     0.927406866      0.000000000      0.000000000
    22.216584821     1.546291032      0.000000000      0.000000000
    22.216584821     2.166099581      0.000000000      0.000000000
    22.216584821     2.787212382      0.000000000      0.000000000
    22.216584821     3.410019700      0.000000000      0.000000000
    22.216584821     4.034925580      0.000000000      0.000000000
    22.216584821     4.662351564      0.000000000      0.000000000
    22.216584821     5.292740862      0.000000000      0.000000000
    22.216584821     5.926563084      0.000000000      0.000000000
    22.216584821     6.564319719      0.000000000      0.000000000
    22.216584821     7.206550557      0.000000000      0.000000000
    22.216584821     7.853841317      0.000000000      0.000000000
    22.216584821     8.506832843      0.000000000      0.000000000
    22.216584821     9.166232324      0.000000000      0.000000000
    22.216584821     9.832827187      0.000000000      0.000000000
    22.216584821    10.507502518      0.000000000      0.000000000
    22.216584821    11.191263275      0.000000000      0.000000000
    22.216584821    11.885263031      0.000000000      0.000000000
    22.216584821    12.590841867      0.000000000      0.000000000
    22.216584821    13.309577325      0.000000000      0.000000000
    22.216584821    14.043354475      0.000000000      0.000000000
    22.216584821    14.794464838      0.000000000      0.000000000
    22.216584821    15.565750362      0.000000000      0.000000000
    22.216584821    16.360820723      0.000000000      0.000000000
    22.216584821    17.184396135      0.000000000      0.000000000
    22.216584821    18.042878718      0.000000000      0.000000000
    22.216584821    18.945374484      0.000000000      0.000000000
    22.216584821    19.905702258      0.000000000      0.000000000
    22.216584821    20.946907526      0.000000000      0.000000000
    22.216584821    22.113746483      0.000000000      0.000000000
    22.216584821    23.523522399      0.000000000      0.000000000
    23.624378300     0.309074472      0.000000000      0.000000000
    23.624378300     0.927406866      0.000000000      0.000000000
    23.624378300     1.546291032      0.000000000      0.000000000
    23.624378300     2.166099581      0.000000000      0.000000000
    23.624378300     2.787212382      0.000000000      0.000000000
    23.624378300     3.410019700      0.000000000      0.000000000
    23.624378300     4.034925580      0.000000000      0.000000000
    23.624378300     4.662351564      0.000000000      0.000000000
    23.624378300     5.292740862      0.000000000      0.000000000
    23.624378300     5.926563084      0.000000000      0.000000000
    23.624378300     6.564319719      0.000000000      0.000000000
    23.624378300     7.206550557      0.000000000      0.000000000
    23.624378300     7.853841317      0.000000000      0.000000000
    23.624378300     8.506832843      0.000000000      0.000000000
    23.624378300     9.166232324      0.000000000      0.000000000
    23.624378300     9.832827187      0.000000000      0.000000000
    23.624378300    10.507502518      0.000000000      0.000000000
    23.624378300    11.191263275      0.000000000      0.000000000
    23.624378300    11.885263031      0.000000000      0.000000000
    23.624378300    12.590841867      0.000000000      0.000000000
    23.624378300    13.309577325      0.000000000      0.000000000
    23.624378300    14.043354475      0.000000000      0.000000000
    23.624378300    14.794464838      0.000000000      0.000000000
    23.624378300    15.565750362      0.000000000      0.000000000
    23.624378300    16.360820723      0.000000000      0.000000000
    23.624378300    17.184396135      0.000000000      0.000000000
    23.624378300    18.042878718      0.000000000      0.000000000
    23.624378300    18.945374484      0.000000000      0.000000000
    23.624378300    19.905702258      0.000000000      0.000000000
    23.624378300    20.946907526      0.000000000      0.000000000
    23.624378300    22.113746483      0.000000000      0.000000000
    23.624378300    23.523522399      0.000000000      0.000000000
